%%
16.9663567922930554
16.5198313181023195
6.4862521901726744
1.1261290806846831
4.9304158903095656
4.1877754014200370
17.2769465297835758
13.4839625274226194
3.5962505548817258
4.0229751789818655
16.6181860869302014
14.2477691876824526
16.9809487421796987
15.4738175463309418
15.1048778573899778
4.3259530790379968
14.5360080910664777
3.6751776717378926
0.7918941140052675
1.5637551126073275
19.0421644512576478
4.2264270650987248
2.7221948728308938
17.6084745813862362
11.5392731253040548
3.7449920941085066
0.5593388063665081
5.1749024607328264
15.2670067384965051
8.8344254870351335
14.3228577296588071
14.5401586039839792
16.9404726918758755
14.7916515469382421
0.2553043509206231
7.7791093202866755
1.8529174511434725
10.9764995567023966
0.9776458988602766
14.7601184000568590
5.7463335278029710
0.6901526125666906
19.1816276352674322
2.6225036447865557
14.0876307378348837
1.2703310110536179
18.9092220899657306
5.9217002569171031
11.5274909098487583
2.7667405433321446
10.4125609669545192
5.7179651739954398
0.9264966192175300
0.4078369905844157
8.5627094608835197
0.1878695309954036
8.7470311216293606
16.3638701924247130
1.5337977621823875
9.5778498699964629
11.6812259245979515
1.6534266893003142
1.2420326806515858
14.9621808235400202
7.0609216245451680
2.7868502187317352
16.6878337834015902
1.7365790812460604
6.7124574349141106
13.1989856058542436
14.4566073800425841
1.5683180324406867
18.6528291205650447
6.8847748576589751
7.4655764254754544
11.4428012989220580
1.0222004863811358
11.5697577060044843
19.4461859188322066
6.6489605584185973
16.4292940465175157
0.2671174645220583
18.7922884875168954
16.7616742578590276
0.3080346042757222
15.3544044004937597
17.8522323968585930
12.0375810304219222
2.3433250384127384
6.7851818082497601
19.4016266604370671
12.9129937211481938
17.2554531123664283
18.6169865754826560
7.0635873061829768
2.7753360501552873
7.2980496507174255
7.5209263497753573
6.3481514363787506
18.6654576486595296
11.6978875453659832
17.3880397283452091
5.5222248313463975
18.8600412489591598
15.2293121128447844
9.3434185430869618
15.1042757184211922
4.8773099951981260
12.5501229208306757
19.9154683253095435
8.4629229031582209
7.2893377266753587
13.5593710328534520
13.8608233334647952
5.8797088939011255
12.8839793112894601
17.4405790073111326
17.9395494827305022
18.6027094791978271
2.5361799008322228
3.4171375951674676
4.5097723740932185
19.7833670117321923
13.8218679106338183
1.5366177225833804
13.4861217909613345
10.6721420669764644
11.2137213596890000
10.3072118232742849
4.6449048171026357
19.2690458797141737
5.7260535593592010
12.6059390612419442
7.4437057468512062
5.6869086257068098
9.8137657385082306
11.5155844463164172
0.0829396211166469
10.2251848487736119
18.1942458367322217
10.3719449281605076
0.1127406837012356
17.0440595925778062
12.7208676027301557
7.6183972435207252
4.5572540788124876
13.5815447984483324
14.1730728863995292
11.5069303326321979
13.2252843493755616
17.9298280465174180
19.5584809627543308
5.1435245717979949
14.9364341531333107
14.8851141981239028
1.4978908165810179
16.5843651236635949
6.3220404025344026
10.3854872472542592
14.2605567530194026
17.4789079691882847
15.3468135882317327
13.7989724102711797
10.9439629278922013
4.1428606667917336
3.4519282140092651
12.1627344326544709
6.6217636841554288
19.5739430054198529
18.4881491536212970
9.7656001860256918
3.4972423917441855
8.3680886517792246
3.5361049273414475
19.5209822704437599
11.1227406322977824
6.8807521681509005
9.2086966788557518
3.4308417925440269
2.5039008240633098
16.1797254569442579
9.2503949873418794
10.4225409750898521
13.6667367580294439
10.5638623996769727
10.8243687968498481
17.8249129656457157
12.1496478040613365
9.4177137526614665
5.4550046025929149
0.3318993707057750
10.2969726760120217
16.9573422980719606
8.1464042436039126
5.3422898020468619
1.9227078446526487
3.2022358476300394
5.7624040984725564
9.7272892059598330
1.2970522785044105
14.5484423416647264
17.6794552597908954
17.4211691978690055
2.6044662735519992
17.0861248297439587
1.3829487716820774
8.9909692671351333
14.7730047964071467
12.9565675623052972
2.1591586300607557
2.4370867633551181
1.0557598401670412
12.1121498405229744
1.6494969174818297
15.2401191119576485
6.1742489453149219
16.4086936578005584
16.8119028801814210
16.3773459048556447
6.3275803150554522
3.9240030976350608
19.8948537551397315
10.1004498451458762
4.4876884404153135
13.9758108225928357
14.2224777464941372
7.4437431561227392
13.0456258591763881
14.2145433936236838
18.9261623409457087
19.2419706461741100
0.3172371695158291
18.4677174628455063
8.4064449031482127
16.8488231409391460
18.8722992734438755
9.8537894591522797
1.2832201236236951
10.3510742900227761
2.3181468909521010
14.5139698549894405
5.0908951354312872
2.8718852839138940
5.3594363124954834
13.5429160724491666
16.8779968223881518
2.3712945210345331
18.8801641172921038
17.6560967341896671
19.4159240478823349
5.4770386780298388
9.1806026935048806
10.0147557338273447
15.1617815457907064
10.4134292474183034
12.7174081929337248
%%
13.4129956075376366
1.4982821984794936
8.0848649866930344
4.0064400264387299
13.4563646124520311
7.6677513496295822
0.1378071377482869
0.5273664154940431
13.2311276784010641
19.5643071810518308
10.7002979992475993
19.0874965754834740
2.1151995255310747
6.7048820953284167
6.8789562639828219
9.7047200057221819
10.4112386778402453
4.2081589767125083
18.6604411677948043
5.9535166740117766
0.1110865138833930
14.7173024017426926
4.9782526344434004
9.2095845931776505
4.2443943700567752
17.5353751653850658
0.0234795394354381
3.7323911848335052
15.9202734415428822
2.6792826006163977
9.6416548484039133
10.0038647839579440
13.6894410585637605
14.2816237882065309
14.7800235438963625
19.9177900760695721
5.5891226245930596
7.4727256773459869
6.5318435363237963
9.2063618136850334
0.2806037350274115
11.7003937920188470
17.6080662724331098
12.1362722815472051
18.9356998231911469
13.1509451291781403
11.0005041108965997
4.3898395672452963
6.6373588103732137
17.8220214373726833
0.0164184716350660
7.6246036274673203
11.0729238079614696
9.9469883910035293
7.1745844777056833
1.6092908148972949
10.1080840549846833
15.3678689561585262
19.9680230373665921
2.2143334425431953
13.9160635076280741
9.6760033547368458
8.6648391054270792
7.5522377758777850
2.5762229587422998
4.1289182455944600
4.3237725552212183
5.4623403845198393
13.6687817933165245
0.8713628098373043
17.7034428446484604
19.2313884765320040
17.4477157472711006
3.5295547530952605
13.7317389666066525
2.2406187398069779
14.3505186400425799
2.6993094378198168
7.4565290229064454
9.3149075041507299
18.2268364558343734
5.8499163600439203
15.3117801785685650
9.1091409880723955
16.9582495526544115
18.5586635403954858
17.8609156579324519
16.4706020687049275
11.9248970153847882
3.4056039389322494
10.7357699795316375
5.9893229570148341
5.5614424623769327
12.2997525302220119
12.7744435499558833
11.8529377968924887
5.8776955217970546
11.4500722602451859
13.2783180756681674
0.6908553508798563
3.3244794214474496
4.3827298640398640
14.5427274692486712
2.8805013855540791
9.6747272364504653
18.6960660426856116
15.9093367587460239
11.0067007962678982
13.5544125333464613
2.4926257764192314
2.5608079408240010
4.6758443638120806
3.7374174986297151
12.3540202008306981
11.2168477650019547
3.6201424229546681
8.5887803325724672
12.2002357859779096
14.4490607063415428
2.8634138891454834
10.6300366468594643
19.5654735882180972
4.0494353712292614
5.5365867045727661
3.1021877474380846
6.2947789308450908
8.8648736667611487
10.6153094480978325
0.2334061399608698
14.0671783888537920
0.2234797292400960
8.7069986212538897
5.9596547268625066
4.9060214300143219
10.1927365474869589
11.9661657987475341
0.4662466434853773
12.1920277939635202
13.2325485079401659
1.3963257180914304
19.8103469585473100
0.7910451974542847
6.6923891261590107
3.4320862691283209
4.5022463250317255
1.0589064618546478
15.4329874305955190
18.7853205080859418
19.5577932786985436
11.3104312774579547
18.3494948150584243
6.3620959696350585
3.8320015283320767
8.9621416849378264
10.8202275599755673
1.7634732711882284
14.9415581456303936
6.3443308259250344
5.6109583454163001
15.7714594962642494
15.0445831266166348
15.0899357092350765
2.2476673656641801
3.8852233441531299
15.6638265752271266
12.8571266483258135
12.7861572930515202
15.3450643786373426
15.3225883868616499
10.8275054723195439
13.4144294693136796
9.0706513378177149
5.9864866848830207
9.5332373650980067
0.4443032593999899
2.7582852014461645
6.7212394562336897
17.0712258767632861
19.8178441941022108
2.3981418963013592
1.8908009678804352
8.5855413928391844
0.0785255990389568
14.0141661816363534
6.7355862879971484
12.0420308818265056
17.6315760440689715
13.5449814774089479
19.2718320631692421
2.9272013256220664
17.2899736854007919
13.5735837307194362
4.3157153642119992
3.9126082356480452
18.9276349793230168
3.5831061282627052
14.0177246692394739
8.7097980208570078
4.2290288959808002
18.1236016202777996
14.2728239374589307
2.7943721628365132
8.2535706371976580
18.8160422842487627
15.3168307084181787
18.0697976497191952
16.1440615277531023
6.2756182511041372
18.1991812687241783
0.7200676044914117
16.7973657347760543
10.3612234002161117
10.6586843478587099
12.7207178303538289
15.7377418072453708
14.1369673710703854
2.5736949130478992
6.2387523236339151
11.4291551824532256
16.3214713444517869
15.6576976449421181
0.4983877075670113
18.9424230691569520
18.1011362237602711
17.4344671720420905
4.5547690512524506
7.8873825177051406
15.0300791334677992
5.0115954513560546
2.9163129463609136
4.4343192198184598
2.3815347271377356
9.8337417748191829
1.9710806362080797
8.1451343638878004
10.6838517546845253
14.7414698270373776
18.4662106150019909
3.2924801038934080
9.4011962527758861
15.8264769696425809
11.8575048905551217
12.3602090294784119
14.6071701753364778
9.5361769634243423
0.6561422426680080
14.2439330229754635
16.3173040995890837
13.3153618505281344
1.7364393060322221
10.3606897639506563
8.0229567524753183
19.6551622545138471
9.2364182820119609
18.6997303368635066
18.8833933907846472
%%
18.6329480185432601
12.2555397010652349
9.7784337883551373
9.0136199719002139
10.0188896830914942
5.2580992616124878
8.5406476617232325
16.0527177594889139
10.7770080647958348
5.9322266112500959
17.1547363818057299
17.6022129924633504
7.3882429596047370
2.3017241253250060
5.6341747880361348
0.1152809968347733
12.6878367956508988
2.1440962668152759
0.8004199563224681
13.2088307489098451
3.7337473945490069
8.3327420883364507
18.1818633679297932
18.2292614356700184
17.2334085517164119
0.5669871427130923
17.6332251307856360
12.2685679773443006
4.3014938839025252
7.0763807304655524
2.7300429334475576
11.0805875612635809
8.9412444990816748
3.3797357458584583
7.7533322544188135
0.3174876306099913
19.3533444811343784
19.8797587210222275
8.1527313369621357
5.3733196920580992
8.7311685449318581
14.1971733171327852
19.9611911045737074
3.4765394040222990
3.9490319333486923
16.0913322938511243
11.4947275597623939
7.5833587152232447
14.3077035058116682
19.2449424633702542
3.0024413572980491
19.2540660250504416
8.5098075612892305
5.3470413843226838
2.2858302568718885
0.5694799889233795
5.1645378313088619
10.9186130083383564
16.9262457858526645
18.0947161151234148
17.1142524409288228
4.8981503840652518
2.6204714811313572
6.6748724207248156
8.2984333482400352
7.3887180361710314
1.8655501297024442
5.6193218264458542
6.5359265800354196
1.4071525710629489
4.2158159211154995
13.5516312238628860
18.7892375997657339
14.9767969398953511
8.0014718454115581
10.2278840776730977
17.1503655665231420
2.3858519283029271
16.1343589622077630
14.6962761797325392
13.2854325259898509
0.8886687593913422
13.3840961105625276
13.8181567737015936
18.9244191142618199
10.3066545099235007
19.6887716060662541
1.3314408058193639
19.4768644266667401
2.2257144986306177
6.8626450802225243
0.1566641969771449
12.3647076540819523
6.7820553515729740
10.2860103728011349
6.3867596386962973
10.6867260118935405
3.0851068661030423
7.5035965388636949
2.2928910409962713
1.3875632973341996
14.9993447301251379
4.8805704875164988
8.2656488453416461
19.6192401320742604
9.0744292782412579
12.1306234441035024
8.8389215256127489
0.2229446752189353
4.9616016867514139
12.9688298457771687
19.2337468288737377
17.5654831473733033
11.5600742872069731
17.5237435510103232
19.4264996224047017
5.0656224514148986
3.9213992629855374
10.3820556665622821
18.7953673605650380
12.4847198191310369
0.8582822852436496
0.3936521613195942
14.6294659992070848
12.5413183208886387
9.1130803766540005
0.2410759923645371
12.6382173759649614
15.0571324838484486
7.0737246647267247
16.9746461119998742
5.3662018366095099
2.5481771308936310
3.2673313705234071
18.1026391263194277
12.9917616686460242
5.3858066934412019
17.6111941787996003
9.8753308406590374
6.4032828014924013
7.4247815593339208
7.8430699551691285
12.8584660269844413
10.4023106203178699
11.3410701645431278
12.0420038635632203
5.7372552161446952
12.7569779923039039
13.0820107252652882
18.8463187708903632
9.8596063732403838
5.9737848264411486
10.6822783656440379
11.8727324665991674
1.5109100749250302
6.7903059219704334
9.4058031365575836
14.7490724388635641
1.2793285826310643
16.9188372067287141
4.0894919659983850
19.5838416239749478
19.3311187171898560
0.8675699935098641
5.3030492212128397
17.3420203546990450
8.4779169365640250
10.7048062739302914
0.3416005055139921
0.5758844333704736
11.3292714641285919
4.5477256233179739
18.1955139743717211
9.6504592669041838
13.7770087416204152
0.1893328065393807
8.7472953920013019
18.2685942651204947
9.4985545747724878
11.3273292122877240
2.8829039465130659
17.2783908948646925
0.0235178328007123
14.8445669054948333
15.3427479696982516
7.5224696854719397
15.7988066042474369
9.5554150105024647
3.5279689501917821
3.4669076591384762
12.1367636165709136
16.9274149013707174
9.0701538884995472
10.0191673859667940
5.9578482806340451
3.9964468877352988
8.8734065210448261
6.9170741236277618
0.9113099993598716
16.7185186753967905
18.1648494702148504
8.9719932180434760
13.1384170145603569
13.1333974647393319
13.5644548880758400
10.5987442011944708
4.4450477497888139
16.3279534497336734
8.3301647316925624
2.4346772050174530
10.2175948477949134
16.8239757354184860
17.5592785599267742
17.3497261810119134
14.6717514898516210
10.0193265074685129
4.8138031341996772
17.4756460936936548
1.1397398543649275
14.5889577523875467
13.6938164319695161
12.5366213969831257
16.1415305772765798
17.1479761085705711
19.0153978872629068
17.9179079179237029
3.2366115438475438
18.6470592226488492
4.6736257029693311
13.9441638769380631
16.5519293125461999
15.9846723200625753
10.6448216272314760
9.9086003293395724
1.3329860613026692
2.2311175329684114
4.5777285180786205
14.5881843077565705
14.9176986094763908
10.9441563030915603
9.8929224861620675
11.8043964349536594
9.0612576332890029
13.1345141328689490
19.6426877154950787
16.0365577995907138
16.4521638780890527
7.8060764996903291
12.5826118677754817
19.5176328649368145
14.2894931506071305
11.5804876998391393
4.5772960711320723
0.5653060157856495
1.7607250469699816
0.0167848559783718
%%
161
200
10
159
104
227
23
149
72
86
214
42
224
183
186
244
229
174
221
201
245
6
101
92
192
143
103
12
7
142
123
75
176
96
197
251
173
107
144
47
193
241
131
239
152
94
120
79
65
38
179
155
141
124
67
152
19
47
195
27
145
239
40
173
215
8
196
21
94
241
242
167
107
98
129
74
243
68
120
210
171
131
197
61
67
226
62
65
47
53
38
176
95
17
133
173
12
139
201
103
1
192
216
221
109
20
174
143
180
229
99
75
128
245
112
162
238
24
225
115
59
1
123
101
130
207
110
229
4
242
196
241
215
21
120
107
243
94
167
210
220
173
129
239
194
178
164
121
210
102
21
205
129
25
188
18
252
206
105
196
23
104
0
83
149
244
200
78
217
212
202
207
16
183
161
248
224
159
186
86
227
222
214
161
72
147
200
80
148
177
42
60
139
201
103
6
216
192
109
180
20
228
1
151
143
14
99
125
234
66
132
253
228
30
14
91
116
39
154
63
180
216
218
100
63
228
39
116
13
125
132
30
151
216
192
234
66
12
253
154
62
43
171
97
226
54
61
131
5
81
17
126
133
53
56
95
31
153
113
83
127
202
248
183
232
142
46
10
135
187
48
123
189
195
89
209
81
133
67
55
5
62
65
226
171
155
54
47
25
121
9
164
194
35
43
102
34
129
95
188
178
21
206
196
124
179
239
27
3
231
152
157
120
38
22
173
211
145
41
250
99
109
139
180
216
12
6
66
122
103
201
69
151
228
192
13
196
129
4
215
98
242
8
164
68
210
74
167
102
95
107
94
36
119
51
231
111
157
19
26
73
172
211
134
124
27
79
114
10
104
217
78
0
244
83
207
149
202
230
212
225
101
200
142
112
115
238
225
59
184
162
123
172
48
207
37
7
111
128
181
121
18
35
164
102
9
194
43
188
206
254
129
97
68
252
236
231
119
22
36
124
145
179
19
73
27
111
157
152
59
51
3
152
144
145
179
73
96
110
124
193
157
19
233
64
47
176
40
33
70
146
160
44
87
117
247
208
156
32
108
93
236
218
240
64
233
193
47
136
75
40
133
176
144
189
96
50
143
152
89
154
253
39
218
13
234
116
132
14
126
63
117
91
235
33
169
153
16
113
83
127
202
232
125
166
46
142
187
248
32
63
92
156
118
57
93
240
247
248
46
113
106
90
232
187
150
166
31
28
160
146
70
117
154
108
218
87
30
44
236
39
93
235
168
196
242
52
210
21
95
205
129
164
8
190
4
53
43
102
61
254
121
188
25
252
255
87
206
194
9
236
18
44
102
164
140
22
119
51
231
211
111
26
134
19
88
157
172
73
137
114
124
244
181
172
212
24
115
149
184
111
225
104
112
51
207
48
59
3
67
65
173
239
53
5
52
61
155
171
19
195
197
47
179
63
14
30
116
13
154
228
117
234
132
253
125
218
90
93
185
64
233
145
152
29
47
193
179
155
27
65
144
110
141
189
3
45
211
120
213
137
246
76
239
165
8
250
241
220
88
243
242
72
86
186
161
0
224
11
200
159
227
214
82
204
80
10
183
95
61
171
53
62
102
164
15
129
97
131
5
68
52
34
242
70
28
146
87
255
252
254
208
188
33
140
160
206
236
85
247
213
246
76
137
41
165
211
88
220
84
120
199
114
243
250
237
232
248
202
118
83
32
153
31
16
90
82
142
93
156
57
204
64
176
65
152
193
29
96
144
233
40
2
197
5
189
133
67
184
123
238
24
207
251
181
127
153
112
225
172
16
143
212
157
84
223
199
58
76
246
237
165
213
45
88
71
219
220
203
137
136
182
77
69
100
175
163
198
89
29
133
189
158
180
132
228
134
172
111
114
22
181
36
157
79
37
88
250
119
211
165
73
242
95
173
239
53
196
34
61
107
8
38
120
4
21
129
171
61
62
95
171
52
43
5
38
67
242
173
34
131
197
107
239
226
158
133
126
198
56
89
132
163
131
97
91
100
5
15
77
209
81
195
17
189
155
67
89
141
62
65
133
5
3
38
171
97
226
131
185
197
54
68
98
74
236
5
176
171
107
126
166
156
106
240
118
32
204
248
85
82
150
80
214
113
247
147
187
199
237
49
71
223
84
203
190
76
246
220
219
205
45
213
165
24
238
111
128
115
172
112
73
162
7
225
110
184
37
48
157
191
227
183
200
159
212
149
177
161
224
214
135
222
244
0
127
53
171
62
95
43
5
52
131
67
38
197
242
173
107
15
81
61
171
53
81
43
5
15
67
17
95
131
195
38
197
226
52
14
39
125
116
228
13
192
30
151
132
31
153
90
216
234
232
29
233
47
193
40
152
144
96
176
27
65
145
75
110
189
179
3
67
155
38
47
195
152
141
179
5
64
189
176
40
17
124
180
13
122
216
228
234
99
132
91
14
109
69
100
20
253
116
65
195
38
5
3
155
171
17
61
62
53
47
81
189
131
197
98
74
129
102
21
164
215
236
94
4
206
107
97
196
56
95
77
100
175
182
50
180
163
136
198
66
216
132
91
228
158
99
44
28
146
33
87
160
208
255
254
252
188
236
140
206
247
240
203
237
190
205
199
58
210
220
178
223
219
246
84
49
243
76
86
42
186
161
0
224
11
159
200
214
82
204
80
227
183
10
110
157
27
238
144
172
59
111
145
152
128
184
96
193
24
22
98
68
215
94
129
4
167
138
21
102
185
107
170
236
196
206
143
233
193
110
29
144
125
64
238
136
128
1
96
123
48
192
246
45
213
137
165
84
88
199
41
211
49
220
237
223
58
114
100
163
175
69
198
50
158
132
182
136
228
91
180
133
89
54
230
217
23
202
101
83
142
10
92
207
229
46
104
232
123
225
250
157
114
134
181
120
241
251
135
184
51
2
172
127
96
165
147
106
186
204
214
85
57
150
82
240
159
11
156
148
248
118
62
17
195
55
67
15
209
61
171
53
5
189
89
65
43
155
204
248
118
57
186
80
214
106
156
46
150
32
183
240
85
247
202
142
153
16
31
232
46
10
92
78
207
248
23
217
123
113
49
199
76
58
246
223
237
213
45
137
165
88
71
220
203
190
150
147
240
208
80
106
57
156
148
247
204
214
118
32
82
146
72
42
161
186
224
11
0
159
200
227
214
80
204
82
183
10
254
255
108
70
33
44
236
206
188
28
146
252
35
160
154
218
213
165
137
211
76
45
246
134
114
84
51
41
49
250
36
199
189
133
17
198
54
158
163
226
175
77
100
50
195
29
209
182
93
116
117
232
32
151
235
46
39
118
63
160
156
247
14
169
132
158
163
100
13
126
175
198
253
77
66
234
30
228
54
69
142
202
101
229
192
83
123
1
153
201
207
78
232
230
125
103
90
117
32
160
247
118
156
116
232
235
46
39
33
28
57
248
215
4
74
167
241
98
170
107
138
8
243
68
135
21
129
196
242
61
52
43
129
53
196
107
171
21
98
173
34
102
164
68
144
176
193
2
152
251
27
47
64
233
110
157
73
197
29
79
56
226
131
102
68
236
54
15
171
98
43
126
197
206
74
5
68
74
129
215
21
4
94
107
102
196
167
242
164
95
8
138
20
180
109
216
122
66
139
69
12
103
6
228
13
151
201
77
163
77
175
198
158
69
132
91
182
50
228
133
136
180
89
54
229
230
92
217
142
207
123
78
245
1
202
225
174
112
83
130
164
68
129
98
21
74
206
43
97
95
236
194
196
215
4
9
201
12
139
192
6
109
151
216
1
221
92
20
229
174
14
180
244
149
23
10
212
0
217
207
37
200
161
225
227
78
83
60
140
208
167
148
252
194
206
74
188
138
215
170
187
240
236
178
57
240
204
214
80
147
85
156
183
248
113
82
118
32
150
187
173
242
4
98
241
197
94
8
95
196
2
129
215
239
21
74
87
154
33
218
30
126
253
236
255
28
254
146
70
206
97
160
139
20
99
103
216
12
151
180
201
122
66
6
192
228
14
116
144
73
238
233
193
27
128
75
96
152
145
157
64
143
184
59
172
51
59
73
37
22
24
181
157
119
238
184
36
115
134
79
225
115
24
162
207
123
7
217
238
59
101
245
184
48
37
128
16
31
187
127
166
153
183
106
240
57
248
138
170
32
135
156
134
165
250
79
51
88
181
213
246
211
191
45
243
157
120
76
162
112
225
24
59
37
207
7
217
238
172
123
184
111
244
245
39
14
63
151
90
235
234
117
13
30
93
228
154
218
253
169
235
160
93
218
90
169
33
116
154
30
28
39
234
168
253
32
156
32
57
248
82
247
204
46
150
106
93
240
232
90
80
85
22
36
231
26
111
51
73
124
19
157
172
27
59
145
179
211
241
239
250
173
8
41
242
107
4
79
243
52
94
2
45
211
25
35
18
9
194
188
164
254
102
252
206
43
236
87
255
129
66
99
109
180
234
20
13
216
151
139
169
116
235
253
228
91
207
48
112
225
184
24
101
142
92
238
217
153
83
202
143
7
179
19
3
145
27
231
152
65
141
38
73
155
26
22
157
119
63
143
14
192
153
31
75
228
39
92
142
251
201
16
48
123
54
158
91
132
30
226
253
198
154
97
163
108
56
13
100
133
135
16
113
170
251
31
138
153
48
187
183
184
166
212
79
94
238
7
110
59
24
73
75
112
233
162
115
143
144
123
225
184
21
98
68
196
102
164
95
74
4
242
215
107
8
94
167
34
245
249
174
229
230
221
101
1
7
162
217
225
112
78
92
207
197
5
171
226
56
97
176
61
107
95
54
2
133
47
173
43
91
158
228
13
100
163
77
198
30
14
126
54
175
66
253
39
89
54
189
226
198
158
17
163
47
29
131
5
77
100
175
132
114
51
165
79
250
181
88
211
213
172
157
246
45
191
111
137
127
170
138
94
251
191
113
187
79
183
250
241
60
16
166
215
50
77
29
69
100
75
228
216
180
182
233
175
163
64
143
12
213
45
211
76
88
246
165
41
84
114
134
199
120
49
220
250
170
187
166
185
94
74
135
127
113
215
167
98
68
240
4
236
12
103
109
6
216
201
20
180
192
99
151
66
228
1
14
221
105
252
208
188
206
44
194
70
146
254
148
236
85
240
9
147
155
3
65
179
195
67
124
40
209
38
145
152
47
64
189
55
92
202
83
101
153
123
232
78
207
229
192
16
31
217
230
46
75
125
192
233
193
1
123
110
238
29
48
201
144
92
12
251
193
96
152
110
27
233
176
64
73
251
2
157
47
75
145
238
179
27
152
40
124
110
73
233
144
64
193
3
96
47
65
19
28
70
33
208
236
44
166
160
240
187
185
156
87
206
32
252
80
85
148
106
214
240
57
204
208
150
11
186
159
183
222
156
147
222
105
85
80
208
106
11
214
240
140
159
177
183
219
170
212
244
104
200
60
227
10
191
0
161
37
183
23
159
181
207
85
247
57
156
80
118
240
106
82
147
32
204
208
248
186
214
116
109
103
90
14
192
63
201
216
12
139
66
13
39
234
228
27
144
96
179
193
145
47
64
233
176
65
40
124
110
3
2
31
16
83
202
142
113
232
125
127
92
46
123
48
248
207
63
218
30
253
234
169
108
33
235
117
39
13
126
116
91
132
160
141
65
3
195
67
209
179
40
38
47
189
17
152
64
124
145
32
57
118
240
247
106
150
248
85
204
93
113
82
187
146
208
73
79
27
172
144
250
96
184
181
251
110
51
111
152
19
238
198
163
132
54
100
91
175
77
126
133
226
89
228
13
69
182
200
227
214
224
183
161
60
11
0
186
204
191
106
80
149
86
28
33
117
93
70
247
146
168
218
235
32
44
156
90
169
154
200
227
0
224
159
86
72
149
60
11
42
214
183
10
186
104
115
112
225
24
7
59
245
207
217
249
238
123
128
37
101
130
100
198
175
158
77
91
132
69
182
54
133
89
50
126
228
13
102
129
21
68
194
98
9
196
95
43
34
74
206
25
242
4
213
246
45
88
76
114
137
211
134
41
250
220
243
219
120
223
187
185
138
113
170
146
240
31
127
74
32
236
156
135
16
39
215
4
94
243
74
21
8
170
98
241
219
220
196
138
129
210
160
169
117
235
218
33
28
154
70
93
108
44
253
247
87
255
235
218
234
117
253
154
168
30
116
13
160
33
39
90
93
108
138
135
94
187
127
167
166
215
74
185
113
243
241
4
98
183
5
61
131
62
197
53
43
95
67
226
15
97
107
38
173
52
111
181
51
37
184
24
59
157
73
238
134
48
79
115
112
22
239
107
242
120
52
2
241
197
8
95
4
38
176
196
5
94
221
229
130
245
1
101
230
201
6
92
249
103
7
192
142
12
163
100
198
77
182
69
158
91
50
132
89
133
54
136
180
228
2
96
47
197
193
144
251
152
131
64
173
5
107
29
27
65
222
191
60
227
219
224
223
159
11
200
148
183
49
161
114
243
205
210
9
203
194
71
190
21
167
237
196
220
164
105
34
215
124
145
152
27
3
19
65
141
40
155
231
38
47
64
144
73
216
66
99
20
69
139
228
109
12
77
122
13
100
132
136
175
172
184
37
212
79
134
51
48
114
157
111
24
244
149
191
250
175
50
69
77
100
163
198
89
136
158
91
133
180
189
132
54
214
159
60
200
106
113
204
227
191
16
212
248
127
135
149
57
48
181
24
238
123
172
251
157
207
37
79
212
127
112
73
225
166
138
187
56
74
236
170
68
98
146
94
113
39
127
206
31
80
72
204
214
82
86
159
11
42
106
147
224
0
161
200
248
166
138
185
113
170
240
127
135
146
31
106
156
57
32
208
74
252
254
206
35
140
87
236
44
194
255
70
105
121
9
208
146
89
17
133
195
209
47
65
29
67
64
198
5
155
226
54
50
205
71
237
210
203
220
199
178
34
8
196
58
246
243
45
76
60
212
227
177
183
149
135
200
159
114
181
127
219
222
170
224
201
103
12
92
125
139
6
1
142
63
143
151
216
14
228
109
144
233
96
64
152
110
29
176
47
75
27
2
251
40
143
145
9
164
178
102
188
206
252
21
129
105
121
140
68
210
25
98
67
17
209
155
65
189
81
55
5
141
3
89
38
62
47
133
21
242
8
4
129
210
215
34
95
107
98
52
164
167
241
68
131
5
176
2
107
171
173
56
226
95
47
98
61
96
97
68
163
158
175
100
77
89
133
54
91
132
182
50
126
69
226
189
58
237
84
49
223
71
76
203
246
220
190
45
213
165
219
137
227
161
159
0
60
149
224
183
214
10
212
191
11
104
244
86
103
192
12
6
139
1
216
92
109
221
151
229
143
125
142
174
83
142
92
153
232
46
16
78
31
101
207
123
10
217
248
23
71
237
205
190
220
210
178
199
58
223
219
243
246
167
8
49
82
214
248
106
57
80
186
118
183
156
159
240
147
113
150
32
210
190
178
203
71
237
34
220
196
21
8
9
4
243
167
242
236
188
252
102
68
254
87
74
146
194
140
164
98
97
105
185
123
217
225
112
101
48
24
142
83
184
115
23
202
92
104
244
85
140
240
105
146
70
44
147
187
106
252
156
57
148
28
150
55
195
17
189
155
89
81
67
141
65
133
40
47
3
5
64
205
190
196
178
21
203
8
34
220
4
71
167
215
242
243
129
137
213
45
41
88
165
76
246
134
120
114
250
36
19
22
51
149
244
60
191
181
104
37
200
10
183
227
184
127
48
207
135
45
137
76
165
246
88
211
41
114
84
134
220
250
199
49
120
204
183
159
106
80
186
147
82
200
57
248
11
227
60
113
224
4
167
94
74
21
98
8
241
196
243
129
68
107
242
170
138
180
139
12
228
66
109
20
99
103
201
6
14
192
13
69
151
207
225
101
230
23
78
112
123
104
10
142
83
202
115
244
92
154
169
253
235
30
117
234
33
108
160
13
116
39
168
28
93
243
220
223
167
203
177
246
222
215
165
191
241
237
170
4
8
243
219
246
203
8
210
237
167
190
223
71
45
4
241
215
165
174
229
1
130
245
201
6
103
101
230
92
192
12
139
142
249
177
148
11
219
224
159
147
60
191
227
223
183
214
200
80
243
49
199
58
219
237
220
246
203
84
71
177
76
165
243
222
45
11
227
159
161
200
86
60
72
214
177
186
0
222
42
183
191
112
115
207
162
24
217
123
101
7
37
48
184
238
245
230
59
54
131
133
56
97
5
197
158
171
126
89
15
198
189
17
132
200
159
60
161
224
191
149
183
0
11
177
214
212
222
244
86
14
132
13
216
63
66
180
77
39
100
125
91
116
12
30
163
101
174
221
230
1
92
245
130
142
78
201
217
192
202
103
249
101
229
78
217
249
130
245
92
207
142
174
225
23
202
221
112
26
119
124
22
19
36
179
145
27
73
3
157
152
111
211
51
46
202
83
153
31
90
248
142
16
32
93
118
92
113
156
63
193
64
29
144
75
110
40
152
96
47
27
145
143
176
73
238
253
13
169
30
154
218
235
116
66
91
39
14
132
117
122
228
169
117
218
234
116
154
253
90
30
93
160
168
13
39
33
151
206
68
146
185
87
74
97
102
188
98
56
254
252
166
33
108
71
203
199
58
190
220
205
223
84
246
210
76
49
219
45
178
24
110
128
59
73
184
48
123
112
7
144
172
75
157
225
143
173
120
52
242
107
241
8
19
38
41
2
250
4
196
95
197
57
156
106
85
208
187
32
113
166
147
150
146
118
204
80
214
120
8
4
94
250
243
215
107
173
242
239
167
196
79
220
2
196
8
52
107
4
95
21
173
129
239
241
34
215
120
98
94
220
219
167
241
8
215
4
94
250
120
246
210
196
170
21
165
104
149
212
37
10
23
207
181
200
217
0
225
60
227
161
191
130
7
174
229
1
101
249
230
221
112
162
225
217
123
207
115
76
45
213
165
137
220
41
88
199
211
84
223
243
49
237
114
150
156
118
32
57
93
160
240
85
28
82
90
117
106
146
248
204
82
118
46
57
106
156
32
214
113
232
16
83
183
31
240
130
230
245
217
101
162
229
174
225
112
78
115
7
221
207
23
79
120
241
114
134
157
243
165
239
135
8
94
41
211
173
181
96
2
127
48
144
176
184
79
135
193
157
250
125
94
170
138
188
140
254
206
44
105
35
70
236
194
87
208
255
146
9
28
154
234
30
218
13
169
91
235
126
132
39
108
116
117
66
14
188
87
255
252
35
206
44
70
236
140
108
121
146
28
33
194
87
254
44
70
188
35
108
252
28
33
206
146
236
160
168
140
