%%
250.1296711896629859
-5.2455753949252246
-3.2814349802751104
-3.1714384420881636
9.2855029198983328
-8.3522699178462307
-3.6519085690781727
-8.2163741860630175
6.6115817812087352
6.5765903496434284
-12.9164971917594080
-10.0176090691204820
5.9447962704154271
2.0444149261510747
-0.5391632390846695
-13.8703655051584924
7.1834991697764252
-8.6521996719153744
-3.9375255193480450
-0.1725023333572540
-8.1781777506292705
0.2094844839889325
-5.0602806635162585
-1.5627667121914230
10.9447150607754295
4.0516359083840925
-1.1623100926654093
-9.3498525254649163
-8.0741086907908226
10.6971944775613785
5.6589397035876754
1.7785458608365827
1.2829979598416414
-4.7665653135783126
-6.4335948150195321
13.9468133160030554
2.4758296439859770
-3.3756443355644961
8.2684535305900742
-0.7890503429090234
-8.6576653609165977
3.9590532721855469
10.6318084990840838
-9.2591511823878658
11.7539414887100762
1.1019601751483465
-9.5878667836115525
15.3065582718145521
-3.5289159400001808
6.5478796676299060
-7.7521882420708081
-5.0490065421343697
-0.6615146560269562
-1.5275288989118270
-1.3677259902150833
7.6939182631161600
5.6891146239634427
6.2667489218390662
-3.3231110707608962
-6.7782375850651260
7.6028800468149722
0.3836136146710469
3.6276850616235521
10.9068001191605788
6.8379529081148291
8.2707218030305931
11.3650223795169580
0.7076656648916790
0.3821125011678688
-4.5054867278863782
-3.6339165856050655
-4.9987788203061871
-6.7127886018931955
1.9116272415860627
-3.0757372428792134
9.9135329257086156
5.2372133469977946
6.0824282523994349
-9.2806293254595928
-3.2950265746846199
1.1618843395462259
-10.2172881929805808
-2.2804838172142574
3.0282779935853794
-3.1787856971649990
-3.5898298397602306
16.7789340465882262
-5.7510579093334124
-0.9723407703926821
-3.1579293486420736
11.8437360985975513
0.5522697571954658
-6.4158462656805124
-8.0484284088286770
-2.6513276198866036
7.0288934771503309
7.7152592932479731
-2.9651131258948036
-13.9771595578063419
11.8993405021215750
11.2672560959448678
-3.6074914559968736
12.5496316440712370
12.2452939484823524
6.0708343909689377
11.8084406100641157
0.5732007167236843
-13.4081247748326149
5.0898038455975065
1.1056679591126870
5.7707995108552197
-2.9150421229700356
6.8154955528644976
11.9099468802341910
-5.8810193606487298
-4.5001937264079270
11.8865338983610087
-1.7996615971276571
-1.6305927571064820
2.5612690690317277
1.3178023711770135
5.8828781467253926
6.7166308471441285
4.0689284660320437
4.6592402858435955
-6.4196959412374373
2.8089352396221976
1.0918340217854294
-1.3918176370995710
-6.4683652548057697
-2.8649354240161022
-12.5089863369682597
-7.1069417304253921
4.7313061384336557
2.5872262707265903
-1.6031281363662551
-4.8344515867433424
0.0258844835721894
6.3129657935171757
-12.6785735680072236
17.2788210775134807
7.5188057049526016
0.2351879894171924
-0.9766403790237286
-3.7450681216089765
-3.4029993492501718
-0.0066432904209863
9.4444228026842492
6.4856112837631628
-1.3105881267940367
6.8254587078016273
2.3727164548778559
8.4881307138843844
-5.0772258660189165
4.2193029158040138
7.8232450561416531
-4.2495483183922298
-3.5559039147195168
-1.5393083934701828
-5.1542638533179996
1.3746706253537924
0.8763956520923006
7.4220404732286793
-8.4970716348442146
-4.2408043493699488
2.9883417581427296
1.7287873772819848
8.1901811203683756
0.7773515158879030
-5.5974212935322143
7.8978631070269278
4.2559721219948807
-1.5462096681009196
10.8772987332628190
1.4191582748676863
1.8279382016151930
3.5905282371385203
-2.8984761497748712
-11.4014841473245063
1.5608102261059031
-9.2323404306689696
6.0163951225737193
12.7237762598256161
5.0318100970558071
-8.9818794030374995
-9.4235864608531923
-1.6281020333690674
0.6824888193984573
-6.1440985231248266
-14.3819240609081831
3.6193120585767087
10.2031386587078039
-3.6574404344436999
6.4093487430525800
5.8574493518563546
-3.5687116393421094
16.4629652645047280
11.0206480346330764
-15.2318210693557212
-13.9078093717638698
-8.8473448392043750
-3.2424061031086584
6.7163301995844797
-0.7320807104391243
3.5757458322002229
-2.1435021342954110
2.0686189982432852
-11.5855044998300389
0.4443025011264807
5.9269653594993876
-13.7978947326510344
6.3189883070741377
-4.6398433787212827
4.3325244455368708
3.4815327342192086
3.6683930231105606
-1.8549323951378791
9.5987103636009898
-7.2448887523002297
3.4385034626747166
4.0113170365153081
1.9820676960675874
-5.0977581089315169
-1.8494531695543683
7.5622695646118343
5.7105577198938020
9.7983340937814791
-7.2811303013355211
-0.2923207888904580
-3.9484147785186776
7.0008946506944421
3.5468843328761022
-2.1973491414519351
-9.5212877302558443
-3.4379872485031617
-14.8211294958797311
-6.2703191223486678
-4.2129721529995745
-5.8322202388699349
0.6839820495141575
-2.5407682224617023
-9.9505624938677464
9.0180806412096004
-0.7326102660583862
8.2174322002642093
-2.7750824119626127
1.9669496690678228
-16.2942061021974887
4.5479323006652059
-3.3753884382758916
0.9633332505041663
-0.5841106780520262
-9.1396926263998886
-9.2542478516497102
9.2355289703137977
-3.4787753843194373
-10.2217601587914260
10.1884398149946342
5.8795578732986282
2.5535907128339268
-5.9795859686344226
-9.6244945895662237
-3.1639285466466029
-9.7368882504207726
1.8644662356391555
-5.9064950115558865
5.4368805015091413
-1.5975150696913438
4.1113887170293388
-7.5868261147851586
2.7405760458133335
6.9562704147886292
3.5447619146667804
14.3865424388003138
5.8702484778309749
-4.9380078062963992
-5.1637640950218326
0.7770918946793259
7.8872224168619249
-4.1678393104560501
3.5971974183956918
-2.7087482986600993
-10.1033849808337006
3.6515044676331243
6.1549263214845507
-2.0765052536192092
9.2966181372323486
-3.6930431965027557
2.6581927507437557
-6.9182463999400801
-5.1846132776223950
-4.0782549810771771
-8.8881709097005217
0.8806548787276474
6.5304360892948079
1.9122516059099350
-5.5981438147161997
4.3628889682900320
-6.5910163536331616
3.0187347857405218
-4.4050207436063964
-8.5986024482375392
2.7741713427082262
9.0120514800842102
-1.1575366002581817
3.6860317112737357
-2.4749735459688886
8.5181591534219390
2.1002423689870802
2.6479284966356769
-9.9914731474639193
-2.4997971845308444
-2.9925518033276455
-4.1352490876259269
-7.4199813987645449
-7.0630229022272513
-1.4770342756865613
-4.6535789530119445
3.5639986481111903
2.6802979836173586
15.3570188813468889
-8.0847442499406732
-2.4255404301697894
-6.0989396277756009
-5.0664849760492086
-2.7380629119443629
-5.8071143260263334
2.7928296785690514
-4.3435680351030888
-4.0123472357544276
1.0515532284905418
-15.2728322282494133
-3.8695429757429523
-2.1098389175269698
-0.5819189935341891
3.6471450556536755
7.3349576539699726
7.0144382886554606
14.5333717475260649
-1.9798831099804095
-4.8857588793052091
-5.4966673432281592
5.1191738861899090
9.2164652497173059
-9.7357049008909993
-5.7626403365294800
5.8834592011858664
4.1056968152826467
13.6735107721430733
-6.7427672390374163
-7.9833586875443858
-3.9419476952129449
0.7379345595837239
-11.0674613152294548
-0.4649919523350832
6.9355846967571475
8.6080264571667922
2.4117703931356855
-12.0900723288251335
6.5914075940507120
5.8336403697641890
-2.2862390590070554
3.2386281997358677
2.4868883721309709
2.1727725365853265
-6.2664116515695039
12.6366837647551975
8.4609158170196643
6.3175564886416531
-9.9559644824111011
-4.0409894466696121
1.3225400930911326
-8.3434777799255642
6.1511999838081044
-3.3161457197151827
6.6857511104444338
-5.3302639725059340
0.4805585141914035
-2.0642198910430354
-11.6697866922430791
-7.8289629091818478
-2.6456990442354589
-2.2218788094237212
-0.7049348495781820
-3.6815584357207243
4.1561047942956151
0.4842728142577408
2.9468014626893693
8.8690513827010236
4.9478429995228819
-2.6210755809254560
-2.9308131714893157
5.6017780089605873
7.5669444399844910
-3.4675030261330591
-5.7798127290607404
0.4576056944152462
-5.7703792000525702
5.1475590582107804
4.4466791239265850
0.3142245214735886
9.8977955125546426
-15.5397237162529329
-8.6093446580388520
-5.9011129349604730
9.9166149675166118
-8.1869318067256067
7.8186092832470946
4.1432545152067766
3.8274162809716197
2.0038433055796654
3.8134098897273963
-6.6710202388532780
-5.4956920289783611
-1.5034679342587509
-6.6477078857677938
2.5437138459159385
5.4851796366325498
3.1988121825124152
-7.6717469372335394
-13.4000674563111737
-4.2927249693170779
6.7725173463714698
4.0336369485655217
3.5769793054097696
-1.6457359456939462
7.2945990208116287
-2.3643065893180752
5.6964177182147537
-1.0375837149808405
-6.6492670752010499
0.9051351881537895
0.9770764712787654
6.0620526914119308
0.8485860043765330
1.7833953323704865
6.1523189809043792
-1.6440454050554218
-1.1464039627000018
3.7518165315738763
1.5337836858622391
9.1311566168164386
5.1432754371636928
7.3979084120145799
3.0650819283658972
0.4000142740879520
6.9827398950033199
-3.9873752048685733
13.9487712072335341
11.0225889635361121
5.6912419542660029
3.4945473318703355
-5.8511779640315531
8.5865224778744746
6.0116539153031878
3.6120730645576860
10.4457263650973928
2.0561221354047117
10.0649774383720576
-10.3626344857019426
6.4480725517336239
-2.4531038639613003
-4.6667698763322631
-9.3118107471260441
3.9877556073711289
6.0176049149680679
-10.6640328896027548
-5.7969945552977524
1.7823592371954664
-0.9417291261201803
4.8886559028382726
-2.5559540434222505
9.1935967884820471
8.9261436855372338
-1.4342902878097652
-1.0079036729508144
-3.0008533932630135
9.2322022360799956
-4.0677536619690553
-4.2769324427890600
13.8717420441774273
2.0572653901965561
4.0305636192673351
5.1905860074455159
11.3556747802231541
-1.8934583311211803
-2.5209872531978155
-2.1626431630615848
8.3616619444843749
5.9012844984887121
8.3145194963320073
-2.2851749774020016
-2.6956395397170736
9.0682381539991059
-7.2574800743155574
-1.6767267348009556
3.9758129672272435
1.7207804696684201
-2.0749515656563866
-8.5459321155337094
1.6706392334406948
-8.7192160389587983
-2.8357669623115820
9.0851419518760999
10.6312118918883236
1.5708858221794926
4.6777460399166886
-3.0429930442020430
-0.1082320705019590
10.8172915955822102
-2.7215799344065417
3.5684028168451629
%%
251.6935471333077601
-2.8899000182401506
-8.5057190892917287
-0.9790892991243632
11.9393194491995764
-8.6243448270398417
6.2998208819888948
-0.4554152877407880
9.3666665206300905
2.0905534140874615
0.8767229535853245
-0.6839118646021212
2.3687742072979843
2.1911852106536691
9.4866205489669859
0.8468137937004285
-13.9438803230460149
1.1310258239814224
-9.2566126361450767
7.0650095901523127
-1.7933745614237289
-1.3417277239932002
8.3642836116708850
3.6876831288499128
3.5668822751533158
0.6096392344840247
4.9472850466416096
2.5505630970412776
6.7606751660979434
-1.5663917730792249
4.4100134552061991
-5.9461681300720270
3.4470342844008792
7.5544700284092601
-3.8061053953986828
-10.6878643039161059
8.3859004551927470
0.5058854985791026
8.2571903779552382
-4.0448218442130113
0.9780994958986722
-0.9712972908461277
-0.7446083702290061
-10.3175531602183703
-3.2793863471565263
2.4502126207855972
13.3392870341402467
9.3425952586072025
-1.3743102159673499
-3.3913991892472182
2.3571507495004962
-6.4307245478889730
-5.4055183127577280
4.0899003923201755
1.0872713826727050
-0.6727144508982033
17.8963926667944371
4.4879774088772511
-5.6150360184216668
2.1100527634195338
16.5581087779198342
3.6360751429981617
8.9009414412565100
-5.5203915288301024
10.8716506407508753
2.4684010159189365
6.7570958321119754
-6.1430621108954995
-11.2705749861048741
-4.8461794968240204
-8.1229706068101226
4.1953918483082635
-2.6380910878272261
-10.1189847698301847
4.5202344898952358
-2.6868800665383170
-0.8159143824085833
-1.5269536478680763
3.4677499439739465
-5.7885833262756510
-1.0501007888624017
-4.9635865718279337
14.4646081080770799
-1.5758919779707239
-10.9808927498824946
-9.7460544181936868
-1.3359423586125023
10.7122047893856855
1.2209097070197448
-8.4890817856316350
17.6191755719956689
6.8791834222404669
-1.0783116695613133
5.0933109987814964
-3.5231002811200507
4.2328139312469695
9.3678102211655698
-7.0724092170463289
0.9617414440872263
3.9889998168193674
1.3508455553174641
-0.7788469665889115
3.6225527213483524
6.0068902582803272
4.3251552821508108
4.7046905898437217
6.6118481769274391
1.1137619943406092
-7.8201581095957025
3.3644348519850409
-4.7696094724545723
1.5360088831058674
-4.1754554515215068
-0.2378122794670801
1.6758334761381399
-4.6021944269387829
-0.8255710450205558
-5.7050260907955606
2.4898515854008823
-9.9163611209343223
4.2675150827598749
1.1012705665494023
-9.2642789893371180
-1.7803684304440730
11.2306253722560445
-6.3298215520759253
-2.2501881684004759
-0.3227739644696173
-4.2198071391495873
-9.2540965884348854
4.8425280845682526
-1.9468057412160040
2.3882766263806636
10.3550227021781609
-9.1496643013798327
-5.4038996511728534
4.5126830668160265
-12.6583342909116148
3.2731316170371874
-1.1169321825209888
1.2541669387307517
-14.7089588859561680
-0.2370135986244853
-3.2898716147668745
-5.4306572934086486
2.9690494501637850
3.1909269097714619
5.2202268839459993
3.9081923767557658
0.4017157469064241
-5.9439424007702408
3.3779443275318854
-3.8059114631568240
-3.9257476477250197
-4.7843717318891805
4.3619703770132752
1.1657172041722865
4.4516691019718087
-7.1389063327678635
0.6988671566641382
0.5103077749539189
-7.8674949404996264
0.5088885994241910
3.7621500414822742
1.8999241211155322
-7.5188356304634301
8.5166196935119736
-0.7102020973553351
-14.1959041369549084
-5.6502408908823387
3.4451317697234587
-2.6735944756136241
4.1186811895815429
1.2678507069383356
8.3072286686745471
-8.3263326857334441
-0.4239060271126665
8.6597045996398556
-1.3701854536417839
-0.3847419700825454
-1.0279819139102711
-10.9664790052072192
-6.2151519331941980
5.0894202446253090
8.4251080249883437
-2.4707823950029315
-4.8291857155120281
-1.5306993112455134
8.5265117569493860
-3.8199885137522527
2.6639926107848617
10.9092146415201725
8.8977013460290557
3.0734602022968143
-0.4927717649994388
3.6109958916168665
-1.9156321262838736
-8.7624153872071791
-5.2582897527513079
4.0533512676345644
7.4114235938931579
-9.0318073604843612
-2.1556248208373443
5.7436265076219701
-3.8452318931781653
1.5161974974538439
-3.4280136285403042
0.1073975305496520
-10.1447155195222560
4.3391964937558951
12.8623698671610072
2.1622774920668522
-2.4304039606580274
11.9227819727533024
2.6982932498542129
0.3574323262078880
-8.6551108571494986
-2.8520210274334694
10.7044113855641410
1.3247888813420436
1.3242232351196015
0.8430960467803690
1.4010195522627218
-13.3864542034673235
-1.8492357892625375
-2.6316308499978183
5.7463767247813209
-5.8760394637359674
-1.2328889996854289
-2.2672906943038842
-0.8816377355910205
11.6452335437889527
1.7969878535857506
5.2309651883172750
2.5505224108484277
-10.4694933955696676
-2.2918522934335122
0.6281908837291490
-3.4281614857750693
6.3337739974225302
0.0453298215129199
-3.5004488852280353
-2.2313740546084517
0.2992612968470594
-6.3751253891012851
0.5250105948590751
-10.7666787034223521
11.3845926606181855
5.1078875341275447
2.0281477183587944
12.2829996065423011
-6.0181542215208719
-5.7836612918674337
10.5075904700806682
-1.7014831891182010
-10.3137006381444554
-2.9050248525422546
-1.1342952182366846
-4.5891956681743844
-7.6650283835541604
-7.3354638864219801
4.1638474209121616
-2.1666828295355689
-1.8523011014081732
-4.3023049391031210
8.4241345801261556
3.4022210583073891
3.0113500750854238
14.1684578131446699
-5.1581966351493254
-12.5972882072977335
2.7409726499178619
-2.1796736050077232
-4.4207858569101237
-1.4920933305925281
-2.2116046236234883
-14.4503277915932280
9.5082997897855623
7.1021172806401394
-0.9948895275172829
3.8856056269652806
-4.7476060696229467
-1.1909302348688149
0.3991836773862003
12.5669732638193530
5.7960436281666556
-15.7483418258205798
8.6841325130595131
0.0324441500864021
5.4859499057358674
-6.0825742765828412
-0.3530861172082904
-5.7577678349693571
-12.5366273544066154
0.8602210173030844
2.1366282048092846
-1.6341892896106640
-4.8726959683468110
-0.9708838089317426
1.0283778677748856
-1.5041351431617931
6.1509602824209555
-3.0964316380189008
24.1981980796500125
-1.8428675074289138
3.1000494076352365
-0.8269307620889627
11.1040780859352619
-13.8269689257178996
-3.8060921908381218
0.3017494565943539
-5.6222476349461985
-5.1784598814347751
-5.3150539850725433
-0.6221186352235124
5.6834469528477758
1.0129860087339981
4.2055741137059970
7.7771018627949440
12.0402907100936289
-6.8269896625061328
8.8664120354486755
-3.6063733190397684
6.1253784095737878
6.7313462157718948
10.7646508573385447
10.3593791281398193
-4.9602435267633478
-6.0010260206039785
-6.3714427598001313
4.2723052103162136
-2.1018514684281668
2.8706337726024924
4.3187803770685971
-9.5506067126955720
-4.7903674885511371
-6.2822229126427729
-0.0832152940428208
9.6613368726168751
-5.7341499332929438
15.6305248421463521
4.7479156105302858
-0.1749772384328008
-2.4564140332214048
-7.1067792898026827
-0.5189774205053239
11.2060158716866844
-5.7199104572343478
-0.4699288071464328
3.1814455502963428
11.1345202953020532
-12.2358453333320760
-2.2512324000039978
-0.4489505123093673
3.7189653591703538
6.3702367068157510
-8.1431387086772595
3.0423369127034876
-1.1656665357954878
-6.1500726756666566
0.1316562446786191
3.9808790803186480
2.3338650001041197
3.7155688353208189
4.9395939110960949
3.7564269421136611
-1.7099996446504673
-2.1442013681665264
-11.7905233870388209
3.2010417785007941
2.3715349905255754
-0.9824068710546650
1.0004331795450487
2.7933094303455261
0.0659874157230984
-0.1550387171903411
-3.5943203349167678
1.0909252357312742
-2.5647055018969356
5.8703875696654002
-1.2368659195148570
1.9254031179760442
-1.9753045910417328
3.7671523140428405
-1.6261008976179525
-14.9091225340730045
10.0325028604170452
0.0757225631790859
2.1860270205549193
-0.1911984408578844
-6.7751706797149742
-2.8583657518483889
14.6392162403521766
-3.6190899389602933
-6.1749999232539352
-15.5791547184333456
1.8348178902293950
-8.9852207091092424
-0.3290433616670835
-5.5950047626221755
0.6238087532015291
-2.0549376354889550
5.5169177573821448
-5.1556195278784891
-5.6934312529408082
-9.4000300657652911
4.5587717048155083
-6.1976853566847971
-6.1663492756721388
2.5203374194342416
-10.7165107380035138
-0.7734787211603780
3.8719338749336596
10.7763296869830754
9.0417364425319775
0.7958587399296999
-18.0203831726954498
-0.9977245825679111
-13.0493301214298629
3.2374695317370290
10.2498087938397333
-1.2078634907816550
5.7834929817627305
10.8397348903410453
-7.5523229256696416
9.9052623874410806
2.6495855904568093
0.3983944785413676
8.5486871631692374
-10.3127290965256826
-3.1955613560324285
-8.2403042585050130
-9.6275167834246194
-10.9992258502950726
-2.5339682042082163
-2.1737681093470775
8.9708399297054555
9.5025584614146865
-2.3244041530863222
10.2300909609365593
4.4344572538638802
-0.6918472606122021
-8.1663756699012957
4.9564095634336098
-6.1847568782820561
-6.0095640199124007
-1.2601485200373745
-5.0289130105921229
3.1383078444726249
-9.9824546684546576
4.5377467900749249
1.3458050111953705
0.0626306581781265
5.4439094681173366
9.8428528826382919
-5.4146310744351780
-2.7304180579791120
1.8289917242252152
4.1308124374211053
15.2785455405082420
3.2634559342781779
-3.3870629427343855
-12.2409721452546982
3.8359385202559797
8.8215898079948314
-0.9052953972237283
3.2505371690635938
7.2152624276845962
-1.9718303839885860
-2.8705627632073201
-1.6125239610455870
-2.3795184319158182
-0.1313454357397994
2.8304650331334074
-10.8285052217121436
6.0987540475843671
0.7357992648121274
19.3025181400488819
4.5071113276994286
10.0871854357706603
3.5870598684492254
-0.4627030874561366
6.8048260291435501
12.5398995622181069
-4.3923828864560379
-9.0472079422873009
-4.6437089659720048
-16.6992456586134885
3.7543736365216689
0.0586926629328550
-1.0753923454597696
-9.8276736717962301
-1.2695461664772343
-4.5437163560191109
12.6764326300234185
2.2145604088426269
-1.8452796152111335
0.3879799997938580
-2.2240308246505167
8.4468304924090809
0.6510704842439750
-3.1511935037217436
1.4782905194262614
13.4319921599400054
-0.6344378233816075
0.0544423580658105
2.0512621641459114
7.8992219096000760
4.5033614173403294
9.3157018506109281
-3.3314069629681189
-8.4005230660849026
