%%
0.8483178396146527
0.9316474009271629
0.0749141099239747
0.3243126095086337
0.4889216894177568
0.2003220013219365
0.2465207945154783
0.5009444841545747
0.3833875674814791
0.8638473264891788
0.4270323830861616
0.0263683207747022
0.1798125277440863
0.5388504032397917
0.9782153590525915
0.8309093043465101
0.8577368190902865
0.9543748287741737
0.8490474371089849
0.3694121479802369
0.3352441047664209
0.7552438928694989
0.2817087394018067
0.4852360002861091
0.7268004045533238
0.6343918397825450
0.2104079488356254
0.0395947057002634
0.0400209978161234
0.2976758337005888
0.9521082225628823
0.1866873697274503
0.7358651200871347
0.1361097436415447
0.9090931683964897
0.4604792296588825
0.5769636562652027
0.8616704275858206
0.8767687582692533
0.0279669403183254
0.8816612565392817
0.1866195592416753
0.7633503369248252
0.2150746941951263
0.1339641300308199
0.7161428864829403
0.1365021466723779
0.5001932391978972
0.8470236345937937
0.4470622249540837
0.7140811894103265
0.0127652175460312
0.3876666127209407
0.9958895038034786
0.0926458725571736
0.9676672240567189
0.3736362838672994
0.0488822949430138
0.4076365668481068
0.4603180906842517
0.2873166763901486
0.4365584272465929
0.5850196896009423
0.9590813817633715
0.9980595552286854
0.6068136140773602
0.7043815368917442
0.1974515966674346
0.6575472564589070
0.9454611044982865
0.5747363779881197
0.2194919783622648
0.5763745454924379
0.7153851752905834
0.8911010718686341
0.5206280483477259
0.1501220678649025
0.3812301813733660
0.0463248309608765
0.4254903780644615
0.4973494195501764
0.4281354730441760
0.1142915128435944
0.0804645407448647
0.4373515560814680
0.2582268915654431
0.7683934478079263
0.0766898881091194
0.8463122892926332
0.1107166721271598
0.5840612962298976
0.8557126220464411
0.4838001677368423
0.0621016340325793
0.1310235740565679
0.3776118887938892
0.3530460812272584
0.4149216674120018
0.2064459122797230
0.8343916891700796
0.0932775064851222
0.2731170192259920
0.3356228717457055
0.3267963290017710
0.0435681404918652
0.7228303690021292
0.2107907960557750
0.9615694238266003
0.9326414560282523
0.9394618799882867
0.1764777376547630
0.3732788212737727
0.4000735922705779
0.1120309369903489
0.0511100243190568
0.8575182783261570
0.1349654718909908
0.9723092959416103
0.8067179481103881
0.4657453752075365
0.8214647023258758
0.6642716262994925
0.2924958180021960
0.9396144243758447
0.6692048055281263
0.4554570494036198
0.0154017302137861
0.9462209557130911
0.9279331770197743
0.8926116198429296
0.9844385803033128
0.8235301034352464
0.1171662519206369
0.9738432213333370
0.1702801969466125
0.9700813330218533
0.3431322540111262
0.3521808070203251
0.6456496860574097
0.0078332098488572
0.2780721231188467
0.9308493287741327
0.3391027675786487
0.6387221774977941
0.1387668025077644
0.3193379819348149
0.2938847760898528
0.3760463174887679
0.1542553433051521
0.6639159037834084
0.3564936178023257
0.4878134574691712
0.0345427675439928
0.5848943772682992
0.0693781648667100
0.2191364932019932
0.2761112415673199
0.2440285243758249
0.1440250692777039
0.7614656056422392
0.9809620066037130
0.9348033021342805
0.7552137859210596
0.6065311722051752
0.5503350398133949
0.6275061460415338
0.0111472337609468
0.1246312888209616
0.4231461451579110
0.6484414922888584
0.2337922181906040
0.6779685516426726
0.8782741573686651
0.6177010100415349
0.2939854446950563
0.8761871775505162
0.1810071211477334
0.8720289503655566
0.2532811225707449
0.6100117892988954
0.9301354739598914
0.5191027833281141
0.1431706944572742
0.1708568797583734
0.6242359909565518
0.9782736794109049
0.9891683505866096
0.0196826080659797
0.2768293352286383
0.0768308861291690
0.6270659160444320
0.3147389465422545
0.5336071033488232
0.0120537996182269
0.5307654724048916
0.5153605911637142
0.7528566241924224
0.7033589194426896
0.3209196647064811
0.4410043195102882
0.0111739864620048
0.2863026779679601
0.2683100918304755
0.2979827363431253
0.3721852873425603
0.1633665685261703
0.6533281645944697
0.2843454312853405
0.9051319563159713
0.5983082899373767
0.5757792223158209
0.2692903346720601
0.6096013896981760
0.0901025770439411
0.4634050247425767
0.6204605185689965
0.5112592424386806
0.4937665420329518
0.4695717035134276
0.9097122918366112
0.3201641400746201
0.9905173479273656
0.0056370341850618
0.3921534977584564
0.3346194563079505
0.6360433801365077
0.5201155310158935
0.4362019819492165
0.3809198621760362
0.5670535082271564
0.0529453230927324
0.6790772399224166
0.2868627608072348
0.9392660254042972
0.5753465166316099
0.6541005362632644
0.2817555840484371
0.6612642174687781
0.9423159385445181
0.9174747407529212
0.9779240481377166
0.2986892413220574
0.1916000764166038
0.7468217076566656
0.5936366233299584
0.5410113779987784
0.0748945408290509
0.3395152960985217
0.7470779072815197
0.3161020201267201
0.7374536219431782
0.2805479172708150
0.7130278376509701
0.8459418603364357
0.7522291563308318
0.7673406794115867
0.9791920811987473
0.1123833682832090
0.5471981463946101
0.0433784996754932
0.7831913287613563
0.1725964107004632
0.8671010177349522
0.6393078646525761
0.3310881842077714
0.5352403136965146
0.7661294193430825
0.9244074576810648
0.0287942216685237
0.6707214734656840
0.1748621195872093
0.2273862811658987
0.2993243342441511
0.1768052463670724
0.4825229633452092
0.0222151629699995
0.1239513072997847
0.2987613558162890
0.1379142600723082
0.3440376084075450
0.4373647696000651
0.8535612938381643
0.1715420896272014
0.4749277287386244
0.1199070948150680
0.8089862728472129
0.1441451973256533
0.4292770696419592
0.5211270487544926
0.0011758916400356
0.7007083090818177
0.5281931199838487
0.7671373984849126
0.6021015440913253
0.8912456482822858
0.7899403302123719
0.6772490738704474
0.4708856876330734
0.1763984475095891
0.1463600662811033
0.0165949685352888
0.6068381808285457
0.3224651525151173
0.5148486338006011
0.8463707450685359
0.2157857682105999
0.4175494429555621
0.3779135888568587
0.1956304117824023
0.2671144901023431
0.2978924140317022
0.1791553064131353
0.1601117923815020
0.4436703260522413
0.4354899010428503
0.4863644602979916
0.0455654999679936
0.9061800810138900
0.7274221170832363
0.9082424735107425
0.1397186081418257
0.8710584598934502
0.6569208507280179
0.9408021142124381
0.8543062414871980
0.6782227444037920
0.9034898824859597
0.4495484633567567
0.2222523874894407
0.3137809125552068
0.6478283781152648
0.4165082365846282
0.0360033802245706
0.1218543381677559
0.5108797423897457
0.5180611700108055
0.6056074920261487
0.8779639279963387
0.9471242759165983
0.0824748458740915
0.8674863090505956
0.7868870903622686
0.3087124472657461
0.5009663253734257
0.1286847456523950
0.8405951440090710
0.8737823046846828
0.5714577591226613
0.3163790157527726
0.7294478876193773
0.7828848822471060
0.9947426877569866
0.6268310698491563
0.9471211534578475
0.2243844220207657
0.8573988054285285
0.2936439994440631
0.6987905411296418
0.9507698943631454
0.2277384525626225
0.0983196954057779
0.1158788858867381
0.3943691258852570
0.6522812929588194
0.9323529611324425
0.2505797725678027
0.9463081170472853
0.6972081938469031
0.2217159609909230
0.0158618584757915
0.7992336160031288
0.4916870887409591
0.4203222451574106
0.4954300164669786
0.4072567181943900
0.9436149636721938
0.1115558766484206
0.2133777544768501
0.4926894729576140
0.2288864259039310
0.9233105307500995
0.5522443624207825
0.7804758780629942
0.8577533254670533
0.5175537145011389
0.7458849304738195
0.4700598126387943
0.7256984927494721
0.4946461243081034
0.5928752445277561
0.1435942641956947
0.4530628816644502
0.7303585087668238
0.6771458036224584
0.9821343857747540
0.0328071121334004
0.1185647260517267
0.8226081939044526
0.8158652049794541
0.8828048367094834
0.6291305933887741
0.0868219653016111
0.2738519339014919
0.7144746575303565
0.4011478376237659
0.5007377866913673
0.2288648035566036
0.4618209141005981
0.4425821772294087
0.8664060965744277
0.9349865168431754
0.6358704096466863
0.0008392427989186
0.1111643065065295
0.5246200509372015
0.1354282528990725
0.9424363035310214
0.0744909276406249
0.0310511640320245
0.3761947915818324
0.0217261429493881
0.4949483768791444
0.0973932294672044
0.2981311546048886
0.4083570361665385
0.9868219940278903
0.5543595302377633
0.8069034553160739
0.7665658438032671
0.4969299039679246
0.8434804973005380
0.7665036069247364
0.3282416327845119
0.2149426327922223
0.2818218695863094
0.0961871139367003
0.5579491260907850
0.5867774049443926
0.0881760013338349
0.9878358065870914
0.1061326855761554
0.7271613020145520
0.5798325617779146
0.1155059662760101
0.6973883104954021
0.5049354722387228
0.6508972709054981
0.9006534219964644
0.9605391610546545
0.1394240512290819
0.1671649450914079
0.1664775697290567
0.4080768206037291
0.8477853400387060
0.4499655955247234
0.0255424858209450
0.8505854782984940
0.4636431798425881
0.8918284279836336
0.4856684644884649
0.1659858594059837
0.0238823839065784
0.7994671317638116
0.3751432912824046
0.3804227384496434
0.8413148607509543
0.6506283850297021
0.9766834855366925
0.2191262745253812
0.0248922210452291
0.2231645580382334
0.7404604855597532
0.9355345620434551
0.1653789667168293
0.1059396938307424
0.0020044749140114
0.4132138001260813
0.3312924847795359
0.6492165403032210
0.2445108317174756
0.2171661955475684
0.0119041354225503
0.3199195886761848
0.8799274836463801
0.1697847195140275
0.8799610104744855
0.8029777980474817
0.7691105305599997
0.8614010915991184
0.1349045754696620
0.1039159475547794
0.8460187964385510
0.3083002773220541
0.2412000351515887
0.6655076815675369
0.7731655682148677
0.3339247226528733
0.6582442922969689
0.5215653744435931
0.3567305965895141
0.2981062040854478
0.3833902369228816
0.6969715537271688
0.6615875892135347
0.2121642451626392
0.6571424956786973
0.5146580817967552
0.2742574950854690
0.0533838274345822
0.3421116783190124
0.4346208023329561
0.9428593202287435
%%
0.6706497803768818
0.8259915659051159
0.6127769850532617
0.4042432493346517
0.0563064540342341
0.4506809985950107
0.6728182306226016
0.2093887700710019
0.2629049630806244
0.0068903568874143
0.6741981263711310
0.8026358879744457
0.6615563839200532
0.2011487589490933
0.2966113305625048
0.5350148999623799
0.7123884593841227
0.8801106496231675
0.1057599762765537
0.7736908773165471
0.1150862062662503
0.3439478131991411
0.2162976539518998
0.0057640498417387
0.5205619338920122
0.1837588835868946
0.1072048133407638
0.9330220583897403
0.0781877556303664
0.6604415374454923
0.0055543256941696
0.2113213532549362
0.4166371044168225
0.2489126317221700
0.8804237290693118
0.9114630717835008
0.2122197185028387
0.1872496047054253
0.0283493571356546
0.0011739769717719
0.2587451230366413
0.6134283988672150
0.7960136720771441
0.4417212743517567
0.3538190365232776
0.4820827424201957
0.7270079301991990
0.5540293780631791
0.6844720529281880
0.7395825773469121
0.1689867872929229
0.7390011771948182
0.3889554660143338
0.0158743815304996
0.2794561312296530
0.5488249778351199
0.9939879360511114
0.3265921768161898
0.7380059200028429
0.2686659846029050
0.0140301867513706
0.0345076306283345
0.7098586658566393
0.8804033136216555
0.1311251822393278
0.1738269702011150
0.9467849911595574
0.0635165505526809
0.8045666146925562
0.5500252055448300
0.2960850128458551
0.3791679357611623
0.3318679405186607
0.1383370271666072
0.9622471231685127
0.0008209235817533
0.2858982586997720
0.9627033012525220
0.5536461903980735
0.0203918495292208
0.2673520692161342
0.3587292238852842
0.0093934765497702
0.0284739994461690
0.5054042027492341
0.8181935096212357
0.5459306504169178
0.9984011518683296
0.4788924934998232
0.9047358057561707
0.6958031753814037
0.0826713344650157
0.2449075192032626
0.4332419552713540
0.7481090411770011
0.3337436210362408
0.1288111479371150
0.1393425109365868
0.3694359018085516
0.2161886277610609
0.0868289540623030
0.2809660913222927
0.6834390896658262
0.6599492802927122
0.0703576285531474
0.8851721422324230
0.0784159016220343
0.6775815611931443
0.8723857873635551
0.3442387428829488
0.7488398469947676
0.6865869483303326
0.5721400649461029
0.5113942038836549
0.7175259320021290
0.5784878853002242
0.1192925964151463
0.3728264511453223
0.3324480279209299
0.7348138089866270
0.9113418227917187
0.0133558732261029
0.0444334379695671
0.7655890089284283
0.8380837128929514
0.6909078386850797
0.8479124776327206
0.7677202200246880
0.5153327254961750
0.8930457828966226
0.6018790515210961
0.0665720402909682
0.5962448507692394
0.3392590904124880
0.1112857249315309
0.5367884989765819
0.9916240181373843
0.8331481345246642
0.2994661478507417
0.8627726556183214
0.6182353827040976
0.6149876265111006
0.3531793653091488
0.5143005186400568
0.5926468898446244
0.3649024825358713
0.5343363005946771
0.5725036130122593
0.3174075718189375
0.3751798269431847
0.6578860801973966
0.9332728824329765
0.1146445520498136
0.1662239710723725
0.8694019864172604
0.7499672365062569
0.7271363734624335
0.9430020624479579
0.4132824422670823
0.4837363618225233
0.4671709271543480
0.4537214639120629
0.7954668379373012
0.2438654997599063
0.4419460762806375
0.6777206266673230
0.9957734162654772
0.2480800843375707
0.1280403970412000
0.3644668863337679
0.9616873414436868
0.1868708749314857
0.6930411666732398
0.5780037143603487
0.5608423882500977
0.6441989655644730
0.9713249811202351
0.4294390166286234
0.8969774741365252
0.1960699631492769
0.7224530353170772
0.1268089950416111
0.9397683680282519
0.5315018323429732
0.2254886187046609
0.0429141142621825
0.2024717685614631
0.6910933955316909
0.7314732999603543
0.1551093873719042
0.6743060895480667
0.4556540188327001
0.4432436833380574
0.5606860679844500
0.6319108687982481
0.0116703069980435
0.2322452408551318
0.3536862332363362
0.1158322695030433
0.9634522939857088
0.8487323055999937
0.4353499310626945
0.6302969530620972
0.1274088565446815
0.2453010715007161
0.7126333281485220
0.5808262573450925
0.5096368273743479
0.4906882869254115
0.6495880834323012
0.0233123321742689
0.0041469810558323
0.8805597089399800
0.2018707114365797
0.3379314576230700
0.4753747255809189
0.6616274253970083
0.3197317654981836
0.2874055811093641
0.0698162859045715
0.5185972464080254
0.3712390779666960
0.0395522598727142
0.8522029796288904
0.6429233013492220
0.1716043134564161
0.0245860778925260
0.1192679823597833
0.2251123162515863
0.2278627039406244
0.6021001931781610
0.7716493715297760
0.7086536443199765
0.6378488996151952
0.9778896639349272
0.6175561601799165
0.1438112390964338
0.5655215638728978
0.8964914023258709
0.4929803186620192
0.3181047984817529
0.2571762285898997
0.5341139182822019
0.4481070842468913
0.7442557099061952
0.0755455037462515
0.0881736635594114
0.8292182561831798
0.4702901568278792
0.3172165412962517
0.5192743623627130
0.0639664291315532
0.7885729748132124
0.8739453984594142
0.2044745982999192
0.7544967854617538
0.6899486205135590
0.9665559358594927
0.1942611672076565
0.2071430333395867
0.2651524610606420
0.6428563324162907
0.6081367216327236
0.4238958468282013
0.7672532189318672
0.9786971502709926
0.0170800252756996
0.5413752736159771
0.4882800093012846
0.5664635732064296
0.4535325668908858
0.4184044325889613
0.9097756987185860
0.4766618682549004
0.9760491135221880
0.6888504370810208
0.5485435178768772
0.5561370316148891
0.0094666403269690
0.3360619728116845
0.4604348339427876
0.9134297132560247
0.9908922097051105
0.1251950412031655
0.5663664606143862
0.0945400483940218
0.4625197493670939
0.8639195447432346
0.0039262799519478
0.6833368379014721
0.7422283452747417
0.3367793143998574
0.5412184398424924
0.3761234842735970
0.8815788022034485
0.6074823902030668
0.4777707505251232
0.9635916031584622
0.2727502301296457
0.1733453829569238
0.8644986842700396
0.9691780174692244
0.2882628109384491
0.6786791865359718
0.8478671149035980
0.4535076944249774
0.1640098684409771
0.4073202121801956
0.5009583692983397
0.9463817489661509
0.0961353922326324
0.1998223443867649
0.7008862334619737
0.2881202049236278
0.3458537061813881
0.2114514447990400
0.0648526139252205
0.8359259337698395
0.7136411968729466
0.8839727629895447
0.4485996609021738
0.4126785318598829
0.1302233136776000
0.6566698732369666
0.7658415354209089
0.0691474385841039
0.5299372100597235
0.8072030763876551
0.7386502398203574
0.8163976724866837
0.9099590634362089
0.1079579315030378
0.1217338602508726
0.8398682867388026
0.0527879920083521
0.8411987867709243
0.5329342173929354
0.0519388465693226
0.8361373832400553
0.6360358915176915
0.7620059555978824
0.7335875744925811
0.7068483685535193
0.8204346828900280
0.2406901567099838
0.3119376161816957
0.8188672952427822
0.0569869927182464
0.8160735672225893
0.1962001548817530
0.6846908215984758
0.0249193853783506
0.5050224922572938
0.8070765288638290
0.9050568111880135
0.5962573669748086
0.1064109752073065
0.8717233586021045
0.7111238873247069
0.8958953958961852
0.0124857341852776
0.3721871578061370
0.1618305771923772
0.7515039566733900
0.7107271696811842
0.2336812851484666
0.1458156473180457
0.9620985323087055
0.8275964656273100
0.1190767363568868
0.9233858731422754
0.5322410813615738
0.0985540318104040
0.8424411570469573
0.0666493030651335
0.5341925877342263
0.5394414482514946
0.8742698174359415
0.7370734913518688
0.0641610061811848
0.7294092153878285
0.3213275986725672
0.1358937559382011
0.5447052195538291
0.1646240051946704
0.1159073445476051
0.5472078151545781
0.7913238484821290
0.2545447567715644
0.5902198217476829
0.6180104514739206
0.2679718156247742
0.6567257066434474
0.4768088481712171
0.8438998411194075
0.8018278899795357
0.7121966511487732
0.9440082058646051
0.3903038249845164
0.6657680925264067
0.9707962023941167
0.9758816432468408
0.5180344881975328
0.4590301346752441
0.5790243849919570
0.9827581127256924
0.7580890772895353
0.0282653007892825
0.4742266549813303
0.5206714623709152
0.0880362523484991
0.9441696695392323
0.4154944551240305
0.4854395925471128
0.5980708329728217
0.1514730782817679
0.2277850588198586
0.6003959811473946
0.4138648613445658
0.5214294374618673
0.5357899328102427
0.1126604961733214
0.3978861271719195
0.1572100962678205
0.9684761870036048
0.2823789715122690
0.7350302037352653
0.2226577397656659
0.2146205511975388
0.7368134024381822
0.6851977195850656
0.2901994887952524
0.2484031578734452
0.8406937400471280
0.7330257783888604
0.6786698842197517
0.2108314045756776
0.9729048073557747
0.1308633059219713
0.8793668353727628
0.3849229287904603
0.1940388764205123
0.1682749150222659
0.7803041144613144
0.7925818205728924
0.6160000615567424
0.6645809359455023
0.6374354155824379
0.2899256792758656
0.2300623404836308
0.5242963335351867
0.1784243876633100
0.2478678303610563
0.6137636967201309
0.1159975240188399
0.4192057281273810
0.6103248712962920
0.6050614699403944
0.6385246389661129
0.7328477801951783
0.1442908280252166
0.2314561865539927
0.6455315357936088
0.0036223892582007
0.0890605637757619
0.6577781560016939
0.5651268147351131
0.5703656983239329
0.5241197109565234
0.0928816194038764
0.5691972941463214
0.8203219486093015
0.2960977178239230
0.4965672877217533
0.2267953990067369
0.1616474206061058
0.2368359225241292
0.8386880802324272
0.4304339747920264
0.8145921244355058
0.2926089852252082
0.4587937530266486
0.4627877133550086
0.9834880148784035
0.2091795422250676
0.8352278251817872
0.0575487671296270
0.3627326891505497
0.6041543996670723
0.0240717091937075
0.4567222795141845
0.4187870842887678
0.5690436201072602
0.3836306545353996
0.7612922517768207
0.5830063635525695
0.7915574263840475
0.4175259561486966
0.2865009367887664
0.4939103319869848
0.2032170404710166
0.8525061025761500
0.7470551056895179
0.8704712147963954
0.6021654256915009
0.6238331380559238
0.2855855561303914
0.6225569675320149
0.2935555722964330
0.9589648176738705
0.9601991287755726
0.5852953296215396
