%%
2220.8739999999997963
-9.9601590000000009
-9.9601590000000009
-8.1967210000000001
-8.1967210000000001
-4.0518640000000001
-4.0518640000000001
5.4106699999999996
-5.4106699999999996
-5.4106699999999996
13.5708599999999997
-5.6657229999999998
-5.6657229999999998
-7.9051380000000000
-7.9051380000000000
618.3967999999999847
-91.9963199999999972
-91.9963199999999972
-100.0000000000000000
-100.0000000000000000
-294.1175999999999817
-294.1175999999999817
-53.5045500000000018
-53.5045500000000018
-73.3675700000000006
-73.3675700000000006
8.0000000000000000
-8.0000000000000000
-8.0000000000000000
5.2511120000000000
-1.5267180000000000
-1.5267180000000000
-3.7243949999999999
-3.7243949999999999
12.5098099999999999
-0.5000000000000000
-0.5000000000000000
-2.6191719999999998
-2.6191719999999998
-3.6036039999999998
-3.6036039999999998
-5.7870369999999998
-5.7870369999999998
91.9963199999999972
10.2144999999999992
-10.2144999999999992
-10.2144999999999992
277.3765999999999963
-127.2265000000000015
-127.2265000000000015
-150.1501000000000090
-150.1501000000000090
79.8003400000000056
-50.3018100000000032
-50.3018100000000032
-29.4985299999999988
-29.4985299999999988
13.0155700000000003
-1.3333330000000001
-1.3333330000000001
-2.1584289999999999
-2.1584289999999999
-9.5238090000000000
-9.5238090000000000
1.3333330000000001
2.1584289999999999
7.0126229999999996
-7.0126229999999996
-7.0126229999999996
60.1257599999999996
-21.7864900000000006
-21.7864900000000006
-7.0372969999999997
-7.0372969999999997
-4.8053819999999998
-4.8053819999999998
100.1223999999999990
-17.6056300000000014
-17.6056300000000014
-17.6056300000000014
-17.6056300000000014
-14.3061500000000006
-14.3061500000000006
-28.8184499999999986
-28.8184499999999986
0.5000000000000000
7.0372969999999997
17.6056300000000014
17.6056300000000014
105.8066000000000031
-37.3134299999999968
-37.3134299999999968
-68.4931500000000000
-68.4931500000000000
238.1596000000000117
-81.9672199999999975
-81.9672199999999975
-108.6955999999999989
-108.6955999999999989
-10.1832999999999991
-10.1832999999999991
7.8064020000000003
-7.8064020000000003
-7.8064020000000003
25.0479899999999986
-4.7415839999999996
-4.7415839999999996
-12.5000000000000000
-12.5000000000000000
72.5843600000000038
-42.3728800000000021
-42.3728800000000021
-30.2114800000000017
-30.2114800000000017
423.7287999999999784
-423.7287999999999784
-423.7287999999999784
1022.7340000000000373
-3.7674720000000002
-3.7674720000000002
-595.2381000000000313
-595.2381000000000313
7.6136960000000000
-4.3878890000000004
-4.3878890000000004
-3.2258060000000000
-3.2258060000000000
5.4288819999999998
-5.4288819999999998
-5.4288819999999998
28.9126800000000017
-17.0940200000000004
-17.0940200000000004
-6.3897769999999996
-6.3897769999999996
16.3765700000000010
-5.0000000000000000
-5.0000000000000000
-11.3765599999999996
-11.3765599999999996
106.1646999999999963
-62.1118000000000023
-62.1118000000000023
-44.0528600000000026
-44.0528600000000026
62.1118000000000023
13.6054399999999998
-13.6054399999999998
-13.6054399999999998
1122.9039999999999964
-1111.1110000000001037
-1111.1110000000001037
-11.7924500000000005
-11.7924500000000005
208.5615999999999985
-8.5616439999999994
-8.5616439999999994
-200.0000000000000000
-200.0000000000000000
19.2869600000000005
-11.0497200000000007
-11.0497200000000007
-8.2372320000000006
-8.2372320000000006
50.4298100000000034
-22.5733600000000010
-22.5733600000000010
-16.8067199999999985
-16.8067199999999985
107.3191000000000059
-84.7457600000000042
-84.7457600000000042
1125.3079999999999927
-11.6550100000000008
-11.6550100000000008
-1111.1110000000001037
-1111.1110000000001037
-2.5419420000000001
-2.5419420000000001
40.6302400000000006
-34.8432000000000031
-34.8432000000000031
-5.7870369999999998
-5.7870369999999998
32.2580600000000004
-32.2580600000000004
-32.2580600000000004
50.4519400000000005
-11.9904100000000007
-11.9904100000000007
-38.4615399999999994
-38.4615399999999994
21.8901100000000000
-6.2932660000000000
-6.2932660000000000
-4.9975009999999997
-4.9975009999999997
-5.3361789999999996
-5.3361789999999996
-5.2631579999999998
-5.2631579999999998
14.9534800000000008
-6.7567570000000003
-6.7567570000000003
29.2795300000000012
-3.4199730000000002
-3.4199730000000002
-14.2045499999999993
-14.2045499999999993
1682.9860000000001037
-114.0250999999999948
-114.0250999999999948
-1333.3330000000000837
-1333.3330000000000837
-180.1802000000000135
-180.1802000000000135
-55.4477400000000031
-55.4477400000000031
65.3933700000000044
-47.6190500000000014
-47.6190500000000014
-6.0096150000000002
-6.0096150000000002
-11.7647099999999991
-11.7647099999999991
168.4124999999999943
-111.1110999999999933
-111.1110999999999933
-5.0761419999999999
-5.0761419999999999
-4.6061730000000001
-4.6061730000000001
39.4463500000000025
-24.2718400000000010
-24.2718400000000010
-15.1745099999999997
-15.1745099999999997
10.4849999999999994
-4.8192769999999996
-4.8192769999999996
89.1608399999999932
-37.8787900000000022
-37.8787900000000022
-51.2820499999999981
-51.2820499999999981
14.7029499999999995
-6.8965519999999998
-6.8965519999999998
-7.8064020000000003
-7.8064020000000003
40.8459500000000020
-21.9780200000000008
-21.9780200000000008
-18.8679300000000012
-18.8679300000000012
20.8446800000000003
-9.6339109999999994
-9.6339109999999994
-11.2107600000000005
-11.2107600000000005
19.2146100000000004
-14.4092199999999995
-14.4092199999999995
8.2908159999999995
-6.2500000000000000
-6.2500000000000000
-2.0408160000000000
-2.0408160000000000
63.9985399999999984
-13.8888900000000000
-13.8888900000000000
-43.8596500000000020
-43.8596500000000020
2.0408160000000000
25.7062700000000000
-18.1818199999999983
-18.1818199999999983
-7.5244549999999997
-7.5244549999999997
8.0840739999999993
-8.0840739999999993
-8.0840739999999993
17.0013800000000010
-0.6702413000000000
-0.6702413000000000
-3.3411300000000002
-3.3411300000000002
-9.5238090000000000
-9.5238090000000000
-3.4662039999999998
-3.4662039999999998
0.6702413000000000
68.6351099999999974
-56.1797800000000009
-56.1797800000000009
-5.6433410000000004
-5.6433410000000004
-6.8119889999999996
-6.8119889999999996
56.1797800000000009
794.4358999999999469
-9.7276270000000000
-9.7276270000000000
-714.2857999999999947
-714.2857999999999947
-70.4225299999999947
-70.4225299999999947
63.7407899999999970
-23.4192000000000000
-23.4192000000000000
-15.0761400000000005
-15.0761400000000005
-10.7526899999999994
-10.7526899999999994
-14.4927499999999991
-14.4927499999999991
9.7276270000000000
898.1735999999999649
-64.1025700000000001
-64.1025700000000001
-8.4674010000000006
-8.4674010000000006
-49.6277899999999974
-49.6277899999999974
-15.0150100000000002
-15.0150100000000002
-23.2558100000000003
-23.2558100000000003
309.7513999999999896
-22.5225200000000001
-22.5225200000000001
-22.5225200000000001
-22.5225200000000001
-27.0270299999999999
-27.0270299999999999
-57.4712600000000009
-57.4712600000000009
-45.6829600000000013
-45.6829600000000013
44.6596100000000007
-8.2918740000000000
-8.2918740000000000
-8.4245999999999999
-8.4245999999999999
-2.1739130000000002
-2.1739130000000002
-2.2256840000000002
-2.2256840000000002
10.7526899999999994
22.5225200000000001
22.5225200000000001
27.0270299999999999
43.2569599999999994
-11.6279100000000000
-11.6279100000000000
-25.6410300000000007
-25.6410300000000007
-5.9880240000000002
-5.9880240000000002
14.9548600000000000
-1.3241520000000000
-1.3241520000000000
-2.0028039999999998
-2.0028039999999998
59.7835899999999967
-18.9933499999999995
-18.9933499999999995
-18.5185199999999988
-18.5185199999999988
-22.2717199999999984
-22.2717199999999984
76.9893200000000064
-9.7656250000000000
-9.7656250000000000
-3.3322229999999999
-3.3322229999999999
-9.6618359999999992
-9.6618359999999992
-33.3333399999999997
-33.3333399999999997
-1.9029499999999999
-1.9029499999999999
54.8651300000000006
-34.2465699999999984
-34.2465699999999984
-20.6185599999999987
-20.6185599999999987
130.6547999999999945
-106.3829999999999956
-106.3829999999999956
8.6511689999999994
-4.8804299999999996
-4.8804299999999996
-3.7707389999999998
-3.7707389999999998
18.5295400000000008
-4.1203130000000003
-4.1203130000000003
318.4947000000000230
-294.1175999999999817
-294.1175999999999817
-14.0252499999999998
-14.0252499999999998
-3.5448420000000000
-3.5448420000000000
-3.0395140000000000
-3.0395140000000000
11.6143999999999998
-11.6143999999999998
-11.6143999999999998
55.8730199999999968
-40.0000000000000000
-40.0000000000000000
-15.8730200000000004
-15.8730200000000004
345.7321000000000026
8.1511340000000008
-4.8100050000000003
-4.8100050000000003
215.0901000000000067
-125.0000000000000000
-125.0000000000000000
-90.0901000000000067
-90.0901000000000067
295.4284999999999854
-38.7596899999999991
-38.7596899999999991
-38.9105100000000022
-38.9105100000000022
-11.5340299999999996
-11.5340299999999996
-23.7529700000000012
-23.7529700000000012
79.7815099999999973
-74.6268699999999967
-74.6268699999999967
-5.1546390000000004
-5.1546390000000004
38.7596899999999991
38.9105100000000022
94.0535600000000045
-7.8926600000000002
-7.8926600000000002
7.8926600000000002
17.5513300000000001
-10.7991399999999995
-10.7991399999999995
-6.7521940000000003
-6.7521940000000003
15.5732900000000001
-5.8927519999999998
-5.8927519999999998
-9.6805420000000009
-9.6805420000000009
76.2711900000000043
-33.8982999999999990
-33.8982999999999990
1230.3369999999999891
-116.2790999999999997
-116.2790999999999997
-769.2308000000000447
-769.2308000000000447
-344.8276000000000181
-344.8276000000000181
26.0416699999999999
-26.0416699999999999
-26.0416699999999999
79.6698899999999952
-22.4719100000000012
-22.4719100000000012
-10.0000000000000000
-10.0000000000000000
-9.1659030000000001
-9.1659030000000001
104.4050000000000011
-55.6482999999999990
-55.6482999999999990
-48.7567099999999982
-48.7567099999999982
85.5357900000000058
-4.7169809999999996
-4.7169809999999996
-17.7935899999999982
-17.7935899999999982
-18.3823499999999989
-18.3823499999999989
-44.6428599999999989
-44.6428599999999989
4.7169809999999996
14.4092199999999995
-14.4092199999999995
-14.4092199999999995
41.1329500000000010
-20.0803200000000004
-20.0803200000000004
-21.0526300000000006
-21.0526300000000006
91.6945300000000003
-72.4637699999999967
-72.4637699999999967
-19.2307699999999997
-19.2307699999999997
9.7847360000000005
-9.7847360000000005
-9.7847360000000005
1.0298659999999999
-1.0298659999999999
-1.0298659999999999
2.1645020000000001
-2.1645020000000001
-2.1645020000000001
26.6899599999999992
-3.4928400000000002
-3.4928400000000002
-6.8027210000000000
-6.8027210000000000
-3.4152999999999998
-3.4152999999999998
140.1105000000000018
-36.7647100000000009
-36.7647100000000009
-37.3134299999999968
-37.3134299999999968
-46.9483600000000010
-46.9483600000000010
-19.0839700000000008
-19.0839700000000008
14.0104399999999991
-2.6041669999999999
-2.6041669999999999
-5.3966539999999998
-5.3966539999999998
13.9848300000000005
-3.3806630000000002
-3.3806630000000002
32.2401800000000023
-18.2149399999999986
-18.2149399999999986
36.7678099999999972
-18.5528799999999983
-18.5528799999999983
29.7563299999999984
-19.0839700000000008
-19.0839700000000008
-10.6723599999999994
-10.6723599999999994
28.7154799999999994
-10.1625999999999994
-10.1625999999999994
176.9231000000000051
-76.9230699999999956
-76.9230699999999956
16.9491499999999995
-16.9491499999999995
-16.9491499999999995
33.9419600000000017
-5.7836900000000000
-5.7836900000000000
-12.9032300000000006
-12.9032300000000006
-9.6339109999999994
-9.6339109999999994
-5.6211349999999998
-5.6211349999999998
38.0870499999999979
-7.5187970000000002
-7.5187970000000002
-3.0184120000000001
-3.0184120000000001
28.7178800000000010
3.2948930000000001
-3.2948930000000001
-3.2948930000000001
10.2830100000000009
-6.9881209999999996
-6.9881209999999996
39.1090900000000019
-19.8412700000000015
-19.8412700000000015
-19.2678200000000004
-19.2678200000000004
56.2528300000000030
-18.9393899999999995
-18.9393899999999995
-37.3134299999999968
-37.3134299999999968
19.8412700000000015
15.9744399999999995
-15.9744399999999995
-15.9744399999999995
15.9744399999999995
-15.9744399999999995
-15.9744399999999995
18.3823499999999989
-18.3823499999999989
-18.3823499999999989
62.1118000000000023
-62.1118000000000023
-62.1118000000000023
54.3478199999999987
-54.3478199999999987
-54.3478199999999987
22.5733600000000010
-22.5733600000000010
-22.5733600000000010
405.7851999999999748
-333.3333000000000084
-333.3333000000000084
-59.1715999999999980
-59.1715999999999980
-13.2802100000000003
-13.2802100000000003
444.0341000000000236
-370.3704000000000178
-370.3704000000000178
-60.2409600000000012
-60.2409600000000012
-13.4228199999999998
-13.4228199999999998
125.4902000000000015
-58.8235200000000020
-58.8235200000000020
-66.6666699999999963
-66.6666699999999963
13.5685199999999995
-13.5685199999999995
-13.5685199999999995
173.0337000000000103
754.0348999999999933
643.3153999999999542
-188.6792000000000087
-188.6792000000000087
-188.6792000000000087
-188.6792000000000087
-12.1802700000000002
-12.1802700000000002
-22.6244399999999999
-22.6244399999999999
274.5828000000000202
-31.5556899999999985
-31.5556899999999985
13.2802100000000003
13.4228199999999998
86.1757400000000047
-8.5763289999999994
-8.5763289999999994
-6.8780520000000003
-6.8780520000000003
-70.7213600000000042
-70.7213600000000042
31.8957900000000016
19.6078399999999995
-9.8039220000000000
-9.8039220000000000
-9.8039220000000000
-9.8039220000000000
36.0613499999999974
-20.6077900000000014
-20.6077900000000014
-15.4535599999999995
-15.4535599999999995
38.1282700000000006
-10.1010100000000005
-10.1010100000000005
52.8684799999999981
-5.3714350000000000
-5.3714350000000000
-2.4520019999999998
-2.4520019999999998
-45.0450500000000034
-45.0450500000000034
55.5094899999999996
-5.4436580000000001
-5.4436580000000001
-2.4467829999999999
-2.4467829999999999
-47.6190500000000014
-47.6190500000000014
29.8600700000000003
-15.6250000000000000
-15.6250000000000000
4.8987850000000002
218.7209000000000003
-17.3611100000000000
-17.3611100000000000
10009.6800000000002910
-10000.0000000000000000
-10000.0000000000000000
10004.7399999999997817
410.3967000000000098
95.7427899999999994
-40.7346799999999973
-40.7346799999999973
-10.0230499999999996
-10.0230499999999996
-21.1685000000000016
-21.1685000000000016
-16.4636199999999988
-16.4636199999999988
-7.3529410000000004
-7.3529410000000004
202.0149999999999864
-19.4363500000000009
-19.4363500000000009
-141.8439999999999941
-141.8439999999999941
2.2099449999999998
-2.2099449999999998
-2.2099449999999998
8.6686589999999999
-1.7721070000000001
-1.7721070000000001
132.4125999999999976
-22.5225200000000001
-22.5225200000000001
-109.8901000000000039
-109.8901000000000039
1076.9710000000000036
-999.9999000000000251
-999.9999000000000251
-15.5981900000000007
-15.5981900000000007
-27.3597800000000007
-27.3597800000000007
-34.0135999999999967
-34.0135999999999967
2.6191719999999998
11.8660899999999998
-8.0710250000000006
-8.0710250000000006
-3.7950659999999998
-3.7950659999999998
1022.5220000000000482
66.8002699999999976
-66.8002699999999976
-66.8002699999999976
77.0498999999999938
-4.9731449999999997
-4.9731449999999997
-5.2764879999999996
-5.2764879999999996
179.1666999999999916
-166.6666999999999916
-166.6666999999999916
76.9230699999999956
-76.9230699999999956
-76.9230699999999956
111.7663000000000011
618.7910000000000537
-19.4325699999999983
-19.4325699999999983
41.1108499999999992
-9.2421330000000008
-9.2421330000000008
-25.5754500000000000
-25.5754500000000000
41.5001999999999995
3.6764700000000001
-3.6764700000000001
-3.6764700000000001
5.4200540000000004
-5.4200540000000004
-5.4200540000000004
36.9436899999999966
-14.4717800000000008
-14.4717800000000008
14.3215199999999996
14.6412899999999997
-14.6412899999999997
-14.6412899999999997
89.8292600000000050
-75.1879700000000071
-75.1879700000000071
17.0940200000000004
48.7011499999999984
-3.3199429999999999
-3.3199429999999999
-10.1760500000000000
-10.1760500000000000
-16.6057799999999993
-16.6057799999999993
3.3199429999999999
10.1760500000000000
14.2949199999999994
38.5442499999999981
4.0978130000000004
-2.4283630000000000
-2.4283630000000000
-1.6694490000000000
-1.6694490000000000
0.1703577000000000
-0.1703577000000000
-0.1703577000000000
12.4391599999999993
-2.7449900000000000
-2.7449900000000000
209.3358000000000061
-8.0000000000000000
-8.0000000000000000
-12.0149000000000008
-12.0149000000000008
-17.8444000000000003
-17.8444000000000003
-30.4878000000000000
-30.4878000000000000
-14.1683199999999996
-14.1683199999999996
-36.5630700000000033
-36.5630700000000033
29.5478300000000011
-10.2009600000000002
-10.2009600000000002
-11.3468699999999991
-11.3468699999999991
10.2009600000000002
11.3468699999999991
12.0149000000000008
17.8444000000000003
28.4983199999999997
-18.3150200000000005
-18.3150200000000005
10.6116700000000002
-8.1833069999999992
-8.1833069999999992
101.3766999999999996
-42.5531900000000007
-42.5531900000000007
4.8053819999999998
-4.8053819999999998
-4.8053819999999998
8.1833069999999992
40.3137600000000020
-20.8811900000000001
-20.8811900000000001
124.7891999999999939
-104.1667000000000058
-104.1667000000000058
1214.5329999999999018
-1123.5950000000000273
-1123.5950000000000273
-5.7583789999999997
-5.7583789999999997
-85.1788800000000066
-85.1788800000000066
1543.6079999999999472
-15.4987100000000009
-15.4987100000000009
-93.2835800000000006
-93.2835800000000006
-53.1067499999999981
-53.1067499999999981
-16.8719399999999986
-16.8719399999999986
5.7583789999999997
149.5704000000000065
-64.3914900000000046
-64.3914900000000046
21.7773600000000016
-6.2786460000000002
-6.2786460000000002
6.2786460000000002
8.7950739999999996
-8.7950739999999996
-8.7950739999999996
45.5701499999999982
-20.8768300000000018
-20.8768300000000018
-15.8982500000000009
-15.8982500000000009
9.9613230000000001
16.7371499999999997
-8.3125509999999991
-8.3125509999999991
33.0112700000000032
10.2947299999999995
-5.7012539999999996
-5.7012539999999996
-4.5934770000000000
-4.5934770000000000
243.9951000000000079
-181.8181999999999903
-181.8181999999999903
-11.4155300000000004
-11.4155300000000004
-50.7614200000000011
-50.7614200000000011
278.1383999999999901
-46.6635599999999968
-46.6635599999999968
-5.4674690000000004
-5.4674690000000004
-28.7356300000000005
-28.7356300000000005
11.4155300000000004
77.5710799999999949
-26.8096500000000013
-26.8096500000000013
978.0082999999999629
-59.5238099999999974
-59.5238099999999974
-149.2537000000000091
-149.2537000000000091
14.1752699999999994
-10.5042000000000009
-10.5042000000000009
-3.6710720000000001
-3.6710720000000001
24.7521300000000011
-3.9936099999999999
-3.9936099999999999
-7.1530760000000004
-7.1530760000000004
27.5141400000000012
-14.7058800000000005
-14.7058800000000005
-5.7110219999999998
-5.7110219999999998
-7.0972320000000000
-7.0972320000000000
74.1440000000000055
-24.3902399999999986
-24.3902399999999986
-4.6446820000000004
-4.6446820000000004
238.1673999999999864
-200.0000000000000000
-200.0000000000000000
-8.1168829999999996
-8.1168829999999996
-11.1111100000000000
-11.1111100000000000
224.6879000000000133
15.2439000000000000
-15.2439000000000000
-15.2439000000000000
19.7585799999999985
-4.5146730000000002
-4.5146730000000002
36.4963499999999996
-36.4963499999999996
-36.4963499999999996
95.4541600000000017
-55.2486200000000025
-55.2486200000000025
-3.7091989999999999
-3.7091989999999999
100.6927000000000021
-19.3050199999999990
-19.3050199999999990
-65.7894699999999943
-65.7894699999999943
329.6231000000000222
-200.0000000000000000
-200.0000000000000000
-11.9760500000000008
-11.9760500000000008
-117.6470000000000056
-117.6470000000000056
285.1879999999999882
11.9760500000000008
144.4567000000000121
165.7238000000000113
-62.2083999999999975
-62.2083999999999975
-87.6424200000000013
-87.6424200000000013
82.1884399999999999
-58.0046400000000020
-58.0046400000000020
-24.1838000000000015
-24.1838000000000015
151.4336999999999875
-40.3225800000000021
-40.3225800000000021
48.5151600000000016
-4.4622940000000000
-4.4622940000000000
8.2308979999999998
-4.2372880000000004
-4.2372880000000004
26.7507799999999989
-9.3896709999999999
-9.3896709999999999
329.2194000000000074
-186.5672000000000139
-186.5672000000000139
-38.5802499999999995
-38.5802499999999995
-72.5163100000000043
-72.5163100000000043
28.6242400000000004
-27.1739099999999993
-27.1739099999999993
-1.4503260000000000
-1.4503260000000000
27.1739099999999993
36.9804000000000030
-30.1023500000000013
-30.1023500000000013
129.9704000000000121
99.0061900000000037
-78.1250000000000000
-78.1250000000000000
45.4867599999999968
-7.7124790000000001
-7.7124790000000001
20007.7099999999991269
-10000.0000000000000000
-10000.0000000000000000
-10000.0000000000000000
-10000.0000000000000000
10000.0000000000000000
10000.0000000000000000
10.8453700000000008
-7.5131480000000002
-7.5131480000000002
14.7567599999999999
-8.0000000000000000
-8.0000000000000000
1.4598540000000000
-1.4598540000000000
-1.4598540000000000
103.4287999999999954
-40.0000000000000000
-40.0000000000000000
-49.0196100000000001
-49.0196100000000001
49.4598500000000030
141.7923000000000116
-10.9673200000000008
-10.9673200000000008
-22.2717199999999984
-22.2717199999999984
-48.1540899999999965
-48.1540899999999965
-42.0168099999999995
-42.0168099999999995
545.1684000000000196
-90.7441000000000031
-90.7441000000000031
-90.0090000000000003
-90.0090000000000003
-89.1265599999999978
-89.1265599999999978
-28.6615099999999998
-28.6615099999999998
-60.0600600000000000
-60.0600600000000000
90.7441000000000031
90.0090000000000003
89.1265599999999978
204.9044000000000096
-4.9043650000000003
-4.9043650000000003
172.7262000000000057
-63.6942700000000031
-63.6942700000000031
-27.6243100000000013
-27.6243100000000013
26.7418000000000013
-5.7836900000000000
-5.7836900000000000
10.8049099999999996
10.9673200000000008
12.3300099999999997
-8.2781459999999996
-8.2781459999999996
6.8027210000000000
-6.8027210000000000
-6.8027210000000000
33.4146599999999978
-4.6339199999999998
-4.6339199999999998
146.1641999999999939
-72.2543299999999959
-72.2543299999999959
-73.9098299999999995
-73.9098299999999995
1493.0409999999999400
-17.2413799999999995
-17.2413799999999995
-26.8817200000000014
-26.8817200000000014
-18.1818199999999983
-18.1818199999999983
43.9259500000000003
-13.3155800000000006
-13.3155800000000006
-13.3689800000000005
-13.3689800000000005
13.3155800000000006
13.3689800000000005
27.8209699999999991
-9.5419850000000004
-9.5419850000000004
-8.3402829999999994
-8.3402829999999994
-6.3938620000000004
-6.3938620000000004
12.3225300000000004
-4.6772689999999999
-4.6772689999999999
-7.6452600000000004
-7.6452600000000004
278.5131000000000085
-81.6993499999999955
-81.6993499999999955
273.0466000000000122
-86.2068900000000014
-86.2068900000000014
-104.1667000000000058
-104.1667000000000058
-18.2815399999999997
-18.2815399999999997
86.2068900000000014
15.7582799999999992
-10.9528999999999996
-10.9528999999999996
42.0657799999999966
8.1168829999999996
273.4637999999999920
39.0280300000000011
-3.4928400000000002
-3.4928400000000002
-18.0831799999999987
-18.0831799999999987
-17.4520100000000014
-17.4520100000000014
151.9719000000000051
-49.0196100000000001
-49.0196100000000001
-49.0196100000000001
-49.0196100000000001
65.0280800000000028
-5.9665869999999996
-5.9665869999999996
-5.9665869999999996
-5.9665869999999996
124.4662000000000006
17.4520100000000014
59.0678300000000007
-4.0816330000000001
-4.0816330000000001
59.0678300000000007
-4.0816330000000001
-4.0816330000000001
4.0816330000000001
4.0816330000000001
10.7991399999999995
-10.7991399999999995
-10.7991399999999995
81.4247399999999999
-30.3030299999999997
-30.3030299999999997
39.0625000000000000
-39.0625000000000000
-39.0625000000000000
507.6857999999999720
-5.6818179999999998
-5.6818179999999998
-500.0000000000000000
-500.0000000000000000
-2.0040079999999998
-2.0040079999999998
328.2355999999999767
-212.7659999999999911
-212.7659999999999911
503.4153000000000020
2.0040079999999998
100.9094000000000051
-12.8024600000000000
-12.8024600000000000
5112.3850000000002183
-2000.0000000000000000
-2000.0000000000000000
-2000.0000000000000000
-2000.0000000000000000
-500.0000000000000000
-500.0000000000000000
-500.0000000000000000
-500.0000000000000000
-8.5106380000000001
-8.5106380000000001
-41.6666700000000034
-41.6666700000000034
2077.7860000000000582
-11.5606899999999992
-11.5606899999999992
-66.2251700000000056
-66.2251700000000056
11.5606899999999992
2077.7860000000000582
-11.5606899999999992
-11.5606899999999992
-66.2251700000000056
-66.2251700000000056
11.5606899999999992
1166.6520000000000437
-555.5555000000000518
-555.5555000000000518
17.5979300000000016
-13.2100399999999993
-13.2100399999999993
57.2854200000000020
-33.1016199999999969
-33.1016199999999969
46.6991999999999976
-45.2488699999999966
-45.2488699999999966
2286.1529999999997926
-370.3704000000000178
-370.3704000000000178
-370.3704000000000178
-370.3704000000000178
-370.3704000000000178
-370.3704000000000178
-41.3223199999999977
-41.3223199999999977
238.1108000000000118
-60.2409600000000012
-60.2409600000000012
-60.2409600000000012
-60.2409600000000012
-60.2409600000000012
-60.2409600000000012
-42.3728800000000021
-42.3728800000000021
13.4228199999999998
-13.4228199999999998
-13.4228199999999998
13.4228199999999998
-13.4228199999999998
-13.4228199999999998
13.4228199999999998
-13.4228199999999998
-13.4228199999999998
59.9258799999999994
9.6608129999999992
-6.4350069999999997
-6.4350069999999997
444.0341000000000236
444.0341000000000236
444.0341000000000236
69.4748500000000035
-3.8461539999999999
-3.8461539999999999
13.5643300000000000
-9.7181730000000002
-9.7181730000000002
16.5104900000000008
-12.0481900000000000
-12.0481900000000000
10029.6299999999991996
-9.0744089999999993
-9.0744089999999993
-10000.0000000000000000
-10000.0000000000000000
18.1818199999999983
-18.1818199999999983
-18.1818199999999983
1295.9590000000000600
15.6091400000000000
3.1055899999999999
-3.1055899999999999
-3.1055899999999999
1120.0039999999999054
74.3247400000000056
-64.9350699999999961
-64.9350699999999961
4.5871560000000002
-4.5871560000000002
-4.5871560000000002
9.6632990000000003
23.8961000000000006
-5.7142860000000004
-5.7142860000000004
92.8092900000000043
-14.6842900000000007
-14.6842900000000007
49.8710799999999992
12.2331900000000005
-6.5189050000000002
-6.5189050000000002
85.9659900000000050
81.9562999999999988
-44.6428599999999989
-44.6428599999999989
2.1645020000000001
-2.1645020000000001
-2.1645020000000001
74.3359099999999984
-3.6145450000000001
-3.6145450000000001
90.2128600000000063
10.4691100000000006
-2.3980820000000000
-2.3980820000000000
3.6145450000000001
63.8367199999999997
-19.1938600000000008
-19.1938600000000008
4.9731449999999997
90.8585199999999986
-3.6205650000000000
-3.6205650000000000
-12.0336900000000000
-12.0336900000000000
-29.0697699999999983
-29.0697699999999983
-21.8866300000000003
-21.8866300000000003
86.7836900000000071
-24.2130800000000015
-24.2130800000000015
-3.8109760000000001
-3.8109760000000001
-12.1951199999999993
-12.1951199999999993
-21.7391299999999994
-21.7391299999999994
-3.9904229999999998
-3.9904229999999998
38.1019700000000014
3.6205650000000000
3.8109760000000001
12.0336900000000000
12.1951199999999993
49.9031000000000020
-20.8333300000000001
-20.8333300000000001
10089.3099999999994907
-10000.0000000000000000
-10000.0000000000000000
9.4302689999999991
-6.0496070000000000
-6.0496070000000000
11.4339399999999998
192.3077000000000112
-192.3077000000000112
-192.3077000000000112
141.2346000000000004
-15.7853200000000005
-15.7853200000000005
-7.3588930000000001
-7.3588930000000001
-7.8733950000000004
-7.8733950000000004
-57.1102199999999982
-57.1102199999999982
32.0484399999999994
-8.1672650000000004
-8.1672650000000004
-8.0958550000000002
-8.0958550000000002
7.3588930000000001
8.1672650000000004
7.8733950000000004
8.0958550000000002
26.3810700000000011
42.5531900000000007
21.2314200000000000
-21.2314200000000000
-21.2314200000000000
1.1697270000000000
-1.1697270000000000
-1.1697270000000000
30.3739699999999999
-3.5223670000000000
-3.5223670000000000
-11.5740700000000007
-11.5740700000000007
262.9839000000000055
-188.6792000000000087
-188.6792000000000087
-13.6986299999999996
-13.6986299999999996
-60.6060599999999994
-60.6060599999999994
277.7794000000000096
-26.3088599999999992
-26.3088599999999992
-26.4830499999999986
-26.4830499999999986
13.6986299999999996
84.3590300000000042
111.3657000000000039
108.6042999999999950
-49.0196100000000001
-49.0196100000000001
123.0803999999999974
-92.5925900000000013
-92.5925900000000013
12.3307099999999998
8.5223669999999991
121.0169999999999959
-23.4741800000000005
-23.4741800000000005
74.5726700000000022
127.6411999999999978
-35.2112699999999990
-35.2112699999999990
-84.0336199999999991
-84.0336199999999991
-8.3963059999999992
-8.3963059999999992
78.4239000000000033
-9.8135429999999992
-9.8135429999999992
249.7547999999999888
-153.8461000000000070
-153.8461000000000070
-11.8750699999999991
-11.8750699999999991
123.4568000000000012
-123.4568000000000012
-123.4568000000000012
8.3963059999999992
133.2702999999999918
248.3154000000000110
109.3950999999999993
10.0350699999999993
18.1129099999999994
-1.6492940000000000
-1.6492940000000000
1.6492940000000000
8.2201459999999997
-2.5188920000000001
-2.5188920000000001
386.1499000000000024
209.3694000000000131
-138.3126000000000033
-138.3126000000000033
38.3333399999999997
-5.0000000000000000
-5.0000000000000000
13.2759699999999992
44.3075100000000006
133.2931000000000097
-10.5820100000000004
-10.5820100000000004
-23.5294099999999986
-23.5294099999999986
14.9202899999999996
13.9482499999999998
286.5966000000000236
19.0886400000000016
-13.8121500000000008
-13.8121500000000008
12.4631600000000002
85.6072800000000029
-37.4531899999999993
-37.4531899999999993
10037.4500000000007276
212.2223999999999933
4.2354930000000000
-4.2354930000000000
-4.2354930000000000
12.0418900000000004
21.7692399999999999
117.2840000000000060
-24.6913599999999995
-24.6913599999999995
60.4233800000000016
12.3725500000000004
-10.1625999999999994
-10.1625999999999994
31.5656600000000012
-31.5656600000000012
-31.5656600000000012
83.2819099999999963
-1.4144470000000000
-1.4144470000000000
2.5419420000000001
119.8662999999999954
-8.3333340000000007
-8.3333340000000007
-34.0135999999999967
-34.0135999999999967
-77.5193799999999982
-77.5193799999999982
8.3333340000000007
108.8545000000000016
343.4710999999999785
17.6870599999999989
42.0954800000000020
19.0460400000000014
-8.4817640000000001
-8.4817640000000001
51.3229299999999995
-6.7795009999999998
-6.7795009999999998
-22.2717199999999984
-22.2717199999999984
32.6174099999999996
9.9638869999999997
8.4817640000000001
30.2114800000000017
17.3611100000000000
66.7081699999999955
12.0783500000000004
490.5504999999999995
-240.9638999999999953
-240.9638999999999953
91.8750799999999970
-80.0000000000000000
-80.0000000000000000
492.3722999999999956
155.0669000000000040
3.7243949999999999
39.5029600000000016
-9.9700900000000008
-9.9700900000000008
10032.6200000000008004
-10.3448499999999992
-10.3448499999999992
57.5176400000000001
13.2874900000000000
66.6289400000000001
7.5188920000000001
6.7673899999999998
7.7579520000000004
-7.7579520000000004
-7.7579520000000004
26.1762799999999984
14.7082899999999999
19.6891199999999991
69.8580699999999979
-27.2479599999999991
-27.2479599999999991
-26.4550300000000007
-26.4550300000000007
-16.1550900000000013
-16.1550900000000013
83.5518299999999954
-39.0625000000000000
-39.0625000000000000
-17.2413799999999995
-17.2413799999999995
82.7588999999999970
-17.2413799999999995
-17.2413799999999995
10000.0000000000000000
-10000.0000000000000000
-10000.0000000000000000
185.1031999999999869
-6.6225170000000002
-6.6225170000000002
-6.5359480000000003
-6.5359480000000003
-6.5359480000000003
-6.5359480000000003
10039.0599999999994907
6.6225170000000002
6.5359480000000003
6.5359480000000003
73.4736699999999985
-65.7894699999999943
-65.7894699999999943
112.0369000000000028
10219.7099999999991269
-6.9444450000000000
-6.9444450000000000
-10000.0000000000000000
-10000.0000000000000000
80.4967999999999932
-9.2592590000000001
-9.2592590000000001
-2.2727270000000002
-2.2727270000000002
-2.2727270000000002
-2.2727270000000002
-3.7807189999999999
-3.7807189999999999
-3.8895369999999998
-3.8895369999999998
10000.0000000000000000
9.2592590000000001
2.2727270000000002
2.2727270000000002
3.7807189999999999
3.8895369999999998
9.5732269999999993
57.7426800000000000
6796.3400000000001455
-69.6136500000000069
-69.6136500000000069
-6666.6670000000003711
-6666.6670000000003711
313.5160999999999945
-243.9024000000000001
-243.9024000000000001
78.3364899999999977
-68.0272099999999966
-68.0272099999999966
-10.3092799999999993
-10.3092799999999993
56.0289100000000033
-11.9760500000000008
-11.9760500000000008
-44.0528600000000026
-44.0528600000000026
69.9848300000000023
-35.9712299999999985
-35.9712299999999985
60.1258199999999974
-24.1545899999999989
-24.1545899999999989
92.1817900000000066
418.9938999999999965
-33.8982999999999990
-33.8982999999999990
-29.7619100000000003
-29.7619100000000003
-44.4444400000000002
-44.4444400000000002
-44.4444400000000002
-44.4444400000000002
33.8982999999999990
29.7619100000000003
44.4444400000000002
44.4444400000000002
66.5424100000000038
18.2815399999999997
6841.9049999999997453
-32.0512799999999984
-32.0512799999999984
-70.6713799999999992
-70.6713799999999992
662.7050000000000409
-265.6041999999999916
-265.6041999999999916
-32.2580600000000004
-32.2580600000000004
-88.8888900000000035
-88.8888900000000035
318.8808000000000220
-53.2764999999999986
-53.2764999999999986
204.9703000000000088
-51.0204099999999983
-51.0204099999999983
-51.0204099999999983
-51.0204099999999983
51.0204099999999983
51.0204099999999983
142.1654000000000053
22.6244399999999999
162.3037999999999954
-72.1678500000000014
-72.1678500000000014
-45.4132600000000011
-45.4132600000000011
-44.7227200000000025
-44.7227200000000025
64.7997500000000031
-44.0528600000000026
-44.0528600000000026
-20.7468900000000005
-20.7468900000000005
170.2747999999999990
-54.0540499999999966
-54.0540499999999966
20.7468900000000005
54.0540499999999966
111.6384000000000043
110.9479000000000042
%%
0
15
45
266
1
3
2
51
185
1
3
7
119
157
428
431
4
114
5
149
432
6
17
164
366
425
3
7
8
421
9
204
276
10
411
435
11
12
13
15
11
12
11
13
14
15
0
11
14
15
16
18
56
15
16
19
20
280
333
6
17
15
18
16
19
16
20
21
22
139
21
22
139
154
196
23
24
23
24
156
169
25
98
424
26
27
26
27
84
172
28
306
315
29
30
29
30
181
185
31
375
443
32
33
238
32
33
34
221
35
324
418
36
146
261
37
38
397
37
38
39
280
38
39
416
40
46
327
412
41
171
327
42
174
43
101
285
44
173
202
263
284
0
45
252
40
46
152
284
47
204
270
282
305
48
49
113
454
48
49
237
330
441
50
81
408
2
51
396
52
270
309
53
161
405
54
268
362
55
123
223
15
56
83
57
58
59
57
58
346
376
57
59
60
331
417
61
437
62
63
88
189
393
62
63
64
65
427
435
64
65
66
68
69
70
67
69
71
72
213
66
68
66
67
69
70
71
141
310
319
66
69
70
73
74
75
90
352
67
69
71
211
212
439
463
67
72
70
73
70
74
70
75
76
77
186
263
76
77
122
264
78
79
213
420
78
79
146
251
354
392
436
80
395
456
50
81
286
82
386
422
56
83
172
27
84
87
115
274
453
85
87
86
87
235
84
85
86
87
62
88
325
89
90
385
70
89
90
92
93
94
370
91
94
386
90
92
90
93
90
91
94
95
94
95
96
325
421
97
149
155
25
98
223
99
157
219
390
100
101
43
100
101
177
232
285
102
305
428
103
104
190
256
262
103
104
105
254
106
245
333
107
190
379
108
111
109
111
110
111
108
109
110
111
122
178
297
112
262
336
377
415
48
113
114
284
4
113
114
353
84
115
116
115
116
118
117
123
345
116
118
345
3
119
428
120
122
121
122
186
263
296
77
111
120
121
122
178
264
55
117
123
124
125
124
125
384
126
128
225
127
224
437
126
128
129
140
130
140
131
140
132
141
133
142
134
139
135
140
141
143
136
140
141
144
137
198
339
138
146
21
22
134
139
129
130
131
135
136
140
69
132
135
136
141
142
472
477
486
133
141
142
241
135
143
136
144
145
182
244
338
36
79
138
146
147
433
442
148
149
216
5
97
148
149
396
150
152
153
154
151
152
153
154
46
150
151
152
202
150
151
153
22
150
151
154
240
97
155
156
24
155
156
3
99
157
158
159
182
247
387
391
158
159
368
398
160
409
53
161
354
162
166
245
163
166
230
416
469
6
164
165
340
422
162
163
166
167
168
167
168
343
399
24
169
324
170
171
41
170
171
27
83
172
201
44
173
174
284
42
173
174
175
463
176
225
101
177
339
111
122
178
179
180
179
180
232
30
181
145
158
182
183
184
247
182
183
182
184
2
30
185
76
121
186
187
197
211
188
189
62
188
189
400
103
107
190
191
194
195
373
379
415
190
191
192
193
191
192
191
193
190
194
190
195
22
196
464
187
197
200
137
198
363
199
279
197
200
172
201
246
44
152
202
296
203
204
205
206
9
47
203
204
207
282
356
368
203
205
203
206
277
204
207
208
207
208
209
210
209
210
456
464
71
187
211
71
212
443
67
78
213
214
389
439
215
216
217
218
148
215
216
276
285
428
215
217
215
218
234
99
219
270
448
220
366
463
34
221
239
435
222
344
397
406
55
98
223
376
453
127
224
225
281
376
126
176
224
225
226
227
226
227
419
228
229
228
229
314
435
163
230
385
472
231
232
233
234
101
180
231
232
231
233
218
231
234
86
235
300
398
236
299
307
49
237
293
32
238
321
221
239
421
154
240
328
142
241
257
430
479
242
243
308
242
243
145
244
299
106
162
245
201
246
332
158
182
247
248
247
248
249
250
248
249
248
250
79
251
362
45
252
255
253
255
105
254
255
384
252
253
254
255
103
256
265
335
401
426
241
257
258
259
260
430
465
257
258
257
259
257
260
36
261
442
103
112
262
335
377
44
76
121
263
264
77
122
263
264
256
265
0
266
406
267
268
54
267
268
421
269
371
403
47
52
219
270
271
309
376
270
271
272
273
271
272
271
273
84
274
344
374
406
275
314
393
9
216
276
431
206
277
278
430
478
277
278
199
279
280
16
38
279
280
224
281
47
204
282
283
284
286
287
44
46
113
173
283
284
288
289
43
101
216
285
288
289
81
283
286
283
287
284
285
288
290
284
285
289
291
288
290
289
291
292
293
237
292
293
418
294
446
295
296
297
298
121
202
295
296
455
111
295
297
295
298
236
244
299
371
235
300
301
303
305
309
322
428
300
301
302
492
301
302
300
303
304
493
303
304
47
102
300
305
309
28
306
433
236
307
372
242
308
408
52
270
300
305
309
316
317
318
390
69
310
316
317
318
319
311
316
312
317
313
318
229
275
314
28
315
427
309
310
311
316
309
310
312
317
309
310
313
318
69
310
319
320
319
320
400
238
321
322
300
321
322
339
434
323
324
35
169
323
324
88
96
325
326
327
40
41
326
327
240
328
395
329
330
49
329
330
60
331
334
246
332
391
16
106
333
331
334
433
256
262
335
112
336
342
337
393
145
338
341
137
177
322
339
165
340
422
338
341
336
342
415
168
343
222
274
344
347
349
351
352
117
118
345
346
348
350
352
374
58
345
346
344
347
345
348
344
349
345
350
344
351
394
70
344
345
352
402
114
353
419
79
161
354
355
384
204
356
357
358
360
398
356
357
359
361
356
358
357
359
356
360
357
361
54
251
362
198
363
364
437
365
366
6
220
365
366
375
425
367
368
369
370
159
204
367
368
371
372
367
369
90
367
370
269
299
368
371
307
368
372
391
190
373
407
274
345
374
31
366
375
58
223
224
270
376
394
112
262
377
378
379
380
382
107
190
378
379
383
378
380
416
429
381
383
378
382
379
381
383
125
254
355
384
89
230
385
82
91
386
158
387
388
387
388
214
389
438
99
309
390
158
332
372
391
403
79
392
438
62
275
337
393
351
376
394
80
328
395
456
464
51
149
396
37
222
397
159
235
356
398
168
399
441
189
320
400
256
401
402
352
401
402
269
391
403
404
405
53
404
405
222
266
274
406
373
407
426
50
308
408
160
409
417
410
411
10
410
411
436
40
412
413
414
415
416
413
414
112
190
342
413
415
39
163
380
413
416
60
409
417
35
293
418
227
353
419
423
78
420
421
434
8
96
239
268
420
421
82
165
340
422
419
423
25
424
6
366
425
256
407
426
64
315
427
3
102
119
216
300
428
430
380
429
430
241
257
277
428
429
430
3
276
431
5
432
147
306
334
433
436
322
420
434
435
10
64
221
229
434
435
79
411
433
436
61
127
364
437
389
392
438
71
214
439
440
441
49
399
440
441
147
261
442
31
212
443
444
445
446
448
444
445
449
454
294
444
446
454
447
449
219
444
448
450
451
452
445
447
449
448
450
448
451
448
452
84
223
453
454
48
445
446
453
454
296
455
456
457
80
210
395
455
456
458
459
460
461
462
455
457
456
458
456
459
456
460
456
461
456
462
71
175
220
463
196
210
395
464
257
465
466
479
465
466
480
467
471
477
468
472
477
163
469
470
469
470
471
467
470
471
141
230
468
472
473
474
475
476
472
473
472
474
472
475
472
476
141
467
468
477
277
478
241
465
479
480
482
466
479
480
481
482
485
480
481
485
479
480
482
483
484
482
483
482
484
480
481
485
141
486
487
489
492
493
488
489
490
487
488
489
491
488
490
489
491
301
487
492
303
487
493
%%
0
4
6
9
16
18
21
26
28
30
33
36
40
42
44
46
53
59
61
63
65
67
70
75
77
81
84
86
90
93
95
99
102
105
107
109
112
115
118
122
125
129
132
134
137
142
145
149
154
158
163
166
169
172
175
178
181
184
187
191
193
196
198
203
205
209
211
215
220
222
230
238
245
247
249
251
253
257
261
265
272
275
278
281
284
290
292
295
299
302
305
312
315
317
319
323
325
328
331
334
338
340
346
349
354
356
358
361
364
366
368
370
377
382
386
390
393
396
399
402
405
407
412
419
422
424
427
430
433
435
437
439
441
443
445
447
451
455
458
460
464
470
479
483
485
487
491
495
498
501
506
510
514
519
522
527
530
533
536
542
546
548
551
554
559
561
564
567
569
573
576
578
581
585
589
592
594
596
599
602
604
607
609
615
617
619
622
625
628
630
634
643
647
649
651
653
655
658
661
664
666
668
671
675
679
687
689
692
695
697
699
703
706
709
712
715
719
725
727
730
734
737
741
745
750
755
759
761
764
766
770
774
778
782
784
787
791
794
797
800
803
806
811
814
816
819
822
825
829
833
835
837
840
843
845
849
853
859
866
868
870
872
875
880
885
889
891
894
896
900
903
910
914
916
918
923
926
930
935
937
940
944
946
949
953
961
967
970
972
976
980
982
984
986
990
992
996
1001
1004
1006
1010
1018
1022
1024
1028
1030
1035
1038
1041
1044
1053
1059
1061
1063
1065
1068
1071
1075
1079
1083
1087
1090
1093
1098
1100
1104
1107
1109
1113
1116
1118
1121
1124
1127
1130
1133
1136
1139
1141
1144
1148
1151
1153
1156
1158
1165
1173
1176
1178
1180
1182
1184
1187
1192
1195
1198
1200
1206
1210
1212
1214
1216
1218
1221
1223
1225
1227
1233
1237
1243
1245
1248
1252
1256
1259
1262
1265
1271
1274
1278
1283
1287
1289
1291
1294
1298
1301
1304
1307
1309
1312
1315
1320
1323
1327
1330
1335
1338
1341
1345
1348
1351
1354
1357
1360
1362
1365
1369
1372
1375
1378
1380
1384
1386
1390
1392
1397
1402
1405
1408
1412
1416
1422
1426
1428
1430
1433
1436
1439
1446
1449
1455
1458
1460
1465
1469
1475
1479
1483
1486
1489
1491
1495
1498
1501
1505
1509
1513
1515
1521
1524
1526
1528
1530
1534
1539
1543
1553
1555
1557
1559
1561
1563
1565
1569
1573
1577
1580
1583
1586
1589
1592
1595
1603
1605
1607
1609
1611
1615
1617
1622
1628
1631
1636
1638
1640
1643
1645
1649
1652
1656
1658
1660
1663
1666
%%
0.8483178396146527
0.6706497803768818
0.9316474009271629
0.8259915659051159
0.0749141099239747
0.6127769850532617
0.3243126095086337
0.4042432493346517
0.4889216894177568
0.0563064540342341
0.2003220013219365
0.4506809985950107
0.2465207945154783
0.6728182306226016
0.5009444841545747
0.2093887700710019
0.3833875674814791
0.2629049630806244
0.8638473264891788
0.0068903568874143
0.4270323830861616
0.6741981263711310
0.0263683207747022
0.8026358879744457
0.1798125277440863
0.6615563839200532
0.5388504032397917
0.2011487589490933
0.9782153590525915
0.2966113305625048
0.8309093043465101
0.5350148999623799
0.8577368190902865
0.7123884593841227
0.9543748287741737
0.8801106496231675
0.8490474371089849
0.1057599762765537
0.3694121479802369
0.7736908773165471
0.3352441047664209
0.1150862062662503
0.7552438928694989
0.3439478131991411
0.2817087394018067
0.2162976539518998
0.4852360002861091
0.0057640498417387
0.7268004045533238
0.5205619338920122
0.6343918397825450
0.1837588835868946
0.2104079488356254
0.1072048133407638
0.0395947057002634
0.9330220583897403
0.0400209978161234
0.0781877556303664
0.2976758337005888
0.6604415374454923
0.9521082225628823
0.0055543256941696
0.1866873697274503
0.2113213532549362
0.7358651200871347
0.4166371044168225
0.1361097436415447
0.2489126317221700
0.9090931683964897
0.8804237290693118
0.4604792296588825
0.9114630717835008
0.5769636562652027
0.2122197185028387
0.8616704275858206
0.1872496047054253
0.8767687582692533
0.0283493571356546
0.0279669403183254
0.0011739769717719
0.8816612565392817
0.2587451230366413
0.1866195592416753
0.6134283988672150
0.7633503369248252
0.7960136720771441
0.2150746941951263
0.4417212743517567
0.1339641300308199
0.3538190365232776
0.7161428864829403
0.4820827424201957
0.1365021466723779
0.7270079301991990
0.5001932391978972
0.5540293780631791
0.8470236345937937
0.6844720529281880
0.4470622249540837
0.7395825773469121
0.7140811894103265
0.1689867872929229
0.0127652175460312
0.7390011771948182
0.3876666127209407
0.3889554660143338
0.9958895038034786
0.0158743815304996
0.0926458725571736
0.2794561312296530
0.9676672240567189
0.5488249778351199
0.3736362838672994
0.9939879360511114
0.0488822949430138
0.3265921768161898
0.4076365668481068
0.7380059200028429
0.4603180906842517
0.2686659846029050
0.2873166763901486
0.0140301867513706
0.4365584272465929
0.0345076306283345
0.5850196896009423
0.7098586658566393
0.9590813817633715
0.8804033136216555
0.9980595552286854
0.1311251822393278
0.6068136140773602
0.1738269702011150
0.7043815368917442
0.9467849911595574
0.1974515966674346
0.0635165505526809
0.6575472564589070
0.8045666146925562
0.9454611044982865
0.5500252055448300
0.5747363779881197
0.2960850128458551
0.2194919783622648
0.3791679357611623
0.5763745454924379
0.3318679405186607
0.7153851752905834
0.1383370271666072
0.8911010718686341
0.9622471231685127
0.5206280483477259
0.0008209235817533
0.1501220678649025
0.2858982586997720
0.3812301813733660
0.9627033012525220
0.0463248309608765
0.5536461903980735
0.4254903780644615
0.0203918495292208
0.4973494195501764
0.2673520692161342
0.4281354730441760
0.3587292238852842
0.1142915128435944
0.0093934765497702
0.0804645407448647
0.0284739994461690
0.4373515560814680
0.5054042027492341
0.2582268915654431
0.8181935096212357
0.7683934478079263
0.5459306504169178
0.0766898881091194
0.9984011518683296
0.8463122892926332
0.4788924934998232
0.1107166721271598
0.9047358057561707
0.5840612962298976
0.6958031753814037
0.8557126220464411
0.0826713344650157
0.4838001677368423
0.2449075192032626
0.0621016340325793
0.4332419552713540
0.1310235740565679
0.7481090411770011
0.3776118887938892
0.3337436210362408
0.3530460812272584
0.1288111479371150
0.4149216674120018
0.1393425109365868
0.2064459122797230
0.3694359018085516
0.8343916891700796
0.2161886277610609
0.0932775064851222
0.0868289540623030
0.2731170192259920
0.2809660913222927
0.3356228717457055
0.6834390896658262
0.3267963290017710
0.6599492802927122
0.0435681404918652
0.0703576285531474
0.7228303690021292
0.8851721422324230
0.2107907960557750
0.0784159016220343
0.9615694238266003
0.6775815611931443
0.9326414560282523
0.8723857873635551
0.9394618799882867
0.3442387428829488
0.1764777376547630
0.7488398469947676
0.3732788212737727
0.6865869483303326
0.4000735922705779
0.5721400649461029
0.1120309369903489
0.5113942038836549
0.0511100243190568
0.7175259320021290
0.8575182783261570
0.5784878853002242
0.1349654718909908
0.1192925964151463
0.9723092959416103
0.3728264511453223
0.8067179481103881
0.3324480279209299
0.4657453752075365
0.7348138089866270
0.8214647023258758
0.9113418227917187
0.6642716262994925
0.0133558732261029
0.2924958180021960
0.0444334379695671
0.9396144243758447
0.7655890089284283
0.6692048055281263
0.8380837128929514
0.4554570494036198
0.6909078386850797
0.0154017302137861
0.8479124776327206
0.9462209557130911
0.7677202200246880
0.9279331770197743
0.5153327254961750
0.8926116198429296
0.8930457828966226
0.9844385803033128
0.6018790515210961
0.8235301034352464
0.0665720402909682
0.1171662519206369
0.5962448507692394
0.9738432213333370
0.3392590904124880
0.1702801969466125
0.1112857249315309
0.9700813330218533
0.5367884989765819
0.3431322540111262
0.9916240181373843
0.3521808070203251
0.8331481345246642
0.6456496860574097
0.2994661478507417
0.0078332098488572
0.8627726556183214
0.2780721231188467
0.6182353827040976
0.9308493287741327
0.6149876265111006
0.3391027675786487
0.3531793653091488
0.6387221774977941
0.5143005186400568
0.1387668025077644
0.5926468898446244
0.3193379819348149
0.3649024825358713
0.2938847760898528
0.5343363005946771
0.3760463174887679
0.5725036130122593
0.1542553433051521
0.3174075718189375
0.6639159037834084
0.3751798269431847
0.3564936178023257
0.6578860801973966
0.4878134574691712
0.9332728824329765
0.0345427675439928
0.1146445520498136
0.5848943772682992
0.1662239710723725
0.0693781648667100
0.8694019864172604
0.2191364932019932
0.7499672365062569
0.2761112415673199
0.7271363734624335
0.2440285243758249
0.9430020624479579
0.1440250692777039
0.4132824422670823
0.7614656056422392
0.4837363618225233
0.9809620066037130
0.4671709271543480
0.9348033021342805
0.4537214639120629
0.7552137859210596
0.7954668379373012
0.6065311722051752
0.2438654997599063
0.5503350398133949
0.4419460762806375
0.6275061460415338
0.6777206266673230
0.0111472337609468
0.9957734162654772
0.1246312888209616
0.2480800843375707
0.4231461451579110
0.1280403970412000
0.6484414922888584
0.3644668863337679
0.2337922181906040
0.9616873414436868
0.6779685516426726
0.1868708749314857
0.8782741573686651
0.6930411666732398
0.6177010100415349
0.5780037143603487
0.2939854446950563
0.5608423882500977
0.8761871775505162
0.6441989655644730
0.1810071211477334
0.9713249811202351
0.8720289503655566
0.4294390166286234
0.2532811225707449
0.8969774741365252
0.6100117892988954
0.1960699631492769
0.9301354739598914
0.7224530353170772
0.5191027833281141
0.1268089950416111
0.1431706944572742
0.9397683680282519
0.1708568797583734
0.5315018323429732
0.6242359909565518
0.2254886187046609
0.9782736794109049
0.0429141142621825
0.9891683505866096
0.2024717685614631
0.0196826080659797
0.6910933955316909
0.2768293352286383
0.7314732999603543
0.0768308861291690
0.1551093873719042
0.6270659160444320
0.6743060895480667
0.3147389465422545
0.4556540188327001
0.5336071033488232
0.4432436833380574
0.0120537996182269
0.5606860679844500
0.5307654724048916
0.6319108687982481
0.5153605911637142
0.0116703069980435
0.7528566241924224
0.2322452408551318
0.7033589194426896
0.3536862332363362
0.3209196647064811
0.1158322695030433
0.4410043195102882
0.9634522939857088
0.0111739864620048
0.8487323055999937
0.2863026779679601
0.4353499310626945
0.2683100918304755
0.6302969530620972
0.2979827363431253
0.1274088565446815
0.3721852873425603
0.2453010715007161
0.1633665685261703
0.7126333281485220
0.6533281645944697
0.5808262573450925
0.2843454312853405
0.5096368273743479
0.9051319563159713
0.4906882869254115
0.5983082899373767
0.6495880834323012
0.5757792223158209
0.0233123321742689
0.2692903346720601
0.0041469810558323
0.6096013896981760
0.8805597089399800
0.0901025770439411
0.2018707114365797
0.4634050247425767
0.3379314576230700
0.6204605185689965
0.4753747255809189
0.5112592424386806
0.6616274253970083
0.4937665420329518
0.3197317654981836
0.4695717035134276
0.2874055811093641
0.9097122918366112
0.0698162859045715
0.3201641400746201
0.5185972464080254
0.9905173479273656
0.3712390779666960
0.0056370341850618
0.0395522598727142
0.3921534977584564
0.8522029796288904
0.3346194563079505
0.6429233013492220
0.6360433801365077
0.1716043134564161
0.5201155310158935
0.0245860778925260
0.4362019819492165
0.1192679823597833
0.3809198621760362
0.2251123162515863
0.5670535082271564
0.2278627039406244
0.0529453230927324
0.6021001931781610
0.6790772399224166
0.7716493715297760
0.2868627608072348
0.7086536443199765
0.9392660254042972
0.6378488996151952
0.5753465166316099
0.9778896639349272
0.6541005362632644
0.6175561601799165
0.2817555840484371
0.1438112390964338
0.6612642174687781
0.5655215638728978
0.9423159385445181
0.8964914023258709
0.9174747407529212
0.4929803186620192
0.9779240481377166
0.3181047984817529
0.2986892413220574
0.2571762285898997
0.1916000764166038
0.5341139182822019
0.7468217076566656
0.4481070842468913
0.5936366233299584
0.7442557099061952
0.5410113779987784
0.0755455037462515
0.0748945408290509
0.0881736635594114
