%%
499.6815828018352477
-3.5965481374096271
-8.6091733537799833
2.0596425161174237
-2.6860348462437180
18.3618185668513654
-17.4940266628799534
19.6766609993246249
-0.3267842152172840
6.6167017745735244
3.7154986060204038
-3.1633285176205961
7.9196631052383220
-13.2702817218792006
8.3850247810499248
21.7441677218203147
13.7154911239726047
2.5549465578157919
-0.4893785097528318
7.3473220933959560
14.1079822142617246
11.5001153586105147
-1.7873841170319331
-3.5310602688490063
-3.7397517201992967
2.0295638448133211
7.7513922709537191
0.4987486091518538
9.1653121515586626
-1.9172781406374746
-1.5062605698068181
-1.4745832653717967
5.5923213879946072
7.4814817381057459
-6.9288677272366792
9.7647998933324480
-11.2018221786393575
0.2248954017189471
-5.9059469792883172
12.2942260015566198
-17.8998097226953199
1.8672568987443050
-3.1286613869244899
9.3851031264659994
9.7999782984125510
9.4534296860522993
-10.3692620838118579
10.8012659215335667
2.9372059549506266
0.4042729210070926
7.9295238490130986
6.3552424619673102
-9.1192802916008198
-1.6440965202725577
-11.2580652771583729
10.0835009133181899
14.3928571040740465
-0.9463071782463643
-3.6272927119441212
-2.4687295235906141
3.7667783426427532
-1.2713719952639964
4.7352691016227473
1.6080230234052093
14.6608699632429875
5.0425261032654163
-8.1078383775986591
12.2694669952056490
-5.3447561750360073
-8.6775571687577475
17.3551671128764227
-10.0085668359087983
-8.1949326495607355
-6.8714315834345019
-2.2670624052816439
-16.8481926428680850
21.3359931305202224
16.6692598326072954
1.0484366364485034
5.0033779458475802
1.8455482808793580
-17.1299436766020463
8.0793516362854163
-1.2632947313631648
-11.1335517105674278
-10.1510027301746177
11.0380161949925935
5.9371398972511100
-14.6275883160768672
5.2260098304055411
-15.7669630936730396
3.8685177117507035
10.6192770565881709
-12.5132686257084522
-0.4307709774361430
5.2227319536262726
5.3400735490690607
-3.6318625905697144
22.0133492043055909
-7.6139154825554645
18.8033894770888885
-4.6247792813002526
2.3676451286687197
3.9364513626749718
23.7926837294793643
-0.6810408560820012
-6.0955904362312578
4.4471636955315441
15.4991375841504428
5.3112521265310484
3.6529779009522247
-6.3663607209918922
-3.0314448060097137
-2.6034210752852083
0.5483579356658133
-1.0694236056584552
-4.6420890041187484
21.8035164062587121
0.0437598030564410
-4.2812536029278725
15.3356084681333105
6.6511615304321392
-4.8383608504312390
-2.4329720555247150
6.1548042489158430
-6.0278230019681285
-7.5317817322014804
-1.7067998171618233
4.6603181107989542
10.3964107742856466
-5.8815794057954882
6.0068631166585984
14.9185147174948334
-2.3249463599017375
11.5219011652679288
9.9064781787410627
-3.3160381025739705
-3.8936160158345361
9.9356895579989448
-13.8541995522526555
-15.3954208729566293
12.0750591667925828
8.7670065222319629
-2.0170574068938629
-8.5423235897480332
18.6653825592386902
6.7850006885556953
-16.7766436365048364
-2.6846418474966391
6.2036809221112783
-13.2944663604972408
-6.4255866364562610
-8.0198265000105238
8.1867111251998992
-4.6332072434797915
9.1431223905949235
5.1806331702432793
-10.9465225142992324
0.6371248524423032
-4.4278729335773281
-0.9959523524723330
7.7260365997319873
13.8783711701864476
-0.0549042452099924
-4.0775835361903239
9.2194026945605891
2.0058650397648892
15.0263791982142472
15.5774664399838159
-2.5356019524979514
9.7830370264034272
6.5215957666850954
-4.3364798585062427
8.1029798511886799
-5.4446154371148889
20.7562553273625312
6.6084760865289640
-9.0151188624933383
16.8169699063819387
2.2462234715144405
8.7187895194567027
5.2359553793883213
-6.3949932019458107
-5.4065048823380106
0.9459619118405946
-5.8680729350673477
10.3262012079088006
8.9925339752796791
6.6127188603107321
-1.2182716681634416
5.9416782291888559
12.7737205084300527
-9.5575658456062715
-12.2743202847618615
-0.4703051110191795
0.2676437400260172
-8.1620813442002369
-10.1295570487141280
-3.9161777356910732
-3.9693530924911093
25.2829529734855996
0.6561847803898875
7.6144345755790255
7.4189198091877735
2.8932833886494400
-24.4599473355233670
15.8355068429527126
0.4878587255004678
-7.5193339544879194
9.3691158650649449
-0.6455625029206953
-11.5994675740207303
16.6254585596720368
-1.6167232626850447
1.2938622693602189
-4.9882464037077821
-3.6487642620103600
-8.1753673153976703
11.0347167835034199
-0.2138367913715111
15.7671569973381480
-0.5332694577262558
-12.3607514892000037
-0.9202695784353185
-0.1938544715407602
1.0267245597104830
-3.3324229247602712
13.5229215264544234
-13.0698466226096688
2.1750021701459357
-5.4159626838472033
0.2956643639490983
-13.0671491105392494
6.7257359043570855
3.1580019040780973
3.4629838397898238
12.8485848329235939
13.6439895968306129
7.8776855355855755
-17.7372135152678325
7.5147220545510569
12.2793554552792585
-2.3686601318464957
-11.1423234427946554
-15.4299277070759473
0.6239861866319325
-9.2255080788920587
-9.5684339256697193
11.4525711108549721
-0.7158179047329867
11.6269178551383394
-0.5765873367396228
3.9431195199651623
-3.0649088164581433
18.3191405162708634
4.9451372132728579
-8.1898535392718710
10.2467565993362317
-6.7799684079464901
11.7531282338894698
-3.0739048326698653
-5.3594911909522329
8.8299694638789603
5.1370782311875223
-4.0711491872413523
-13.9014229594921090
-1.2868041488011617
20.6772922481535701
2.2881617144113475
-12.2583705107904493
0.6037616571241866
3.0415995706908681
-3.2222794589857489
4.0685367850084777
-1.5583699501152646
11.5045361172903071
-14.9091624323900636
6.9209435086483371
-5.7772364316360836
-1.9898534234014815
4.1971072780761958
-0.2404311924943312
1.9396310332806896
15.9881414759067937
3.1711513621823229
-10.2168840355642399
-9.5922126071070810
-2.5675592945577370
13.7860796280553775
-5.6310386948729114
18.5677405082493472
4.4102800381136085
5.7009855259138762
1.7310457505455623
-6.8530985754364036
4.8268101018432752
5.0660048717934174
8.6394234773658187
5.4927177140309205
14.0853645746294980
8.9176082793246518
3.4619009245431740
-1.0610049802469090
7.1310874892518781
5.2698772592827989
4.3955178888810185
-9.4383709775289493
13.0658789831991360
1.6630952624330644
-4.7159267414646138
11.4724824383638300
12.8559572447452624
-0.9566890796764351
-9.9703785723925282
-6.6248594767665114
8.8788399136990019
18.4822551394064121
-7.7033714181267765
-10.9425419164617956
-17.4744144511672168
-12.8021956492376816
-22.2305329454613698
1.0805046805538490
-0.2841140965979549
-8.2149259054194630
-4.9986544084140334
6.9044650220722801
9.7815317920423190
-13.5574716011577205
-3.3781476618665973
-6.4823296496743072
-2.7014291231586629
-12.4229610314693240
-2.8507945453289443
-5.7401524151982795
-3.5626003621113616
7.4171632680127351
0.0001323617795421
3.0880282068257214
6.3299127559933348
3.0393666063102494
-9.8441294353611504
1.4820288092437535
-8.1577236252529630
-8.1104121518223380
11.7074507502663856
4.4863496106814456
0.0163395157960351
17.4534824536090412
14.0472713144210779
-10.5520409460421973
-6.7639836649713523
-1.0054775756356440
-13.2095681433803733
-0.2610932599217488
-9.2135564977933484
-2.4955897340692372
-0.6878565241090697
-3.2330797988811781
0.8626944057415387
-2.8911225664442783
-8.7784061080520068
2.4943612182913348
2.9559035983644879
7.8267385360351680
0.1993076871138557
-16.1603637102725841
11.1463967200483562
8.8284599893462001
4.9211927873182297
4.4308934175744588
-9.0632511931262734
-9.3015460944874491
-3.8043691780946700
4.1296260256885020
20.4950898659289891
-2.0271764273643491
-10.2260154730118842
-7.6023640053008466
-1.0169257885710001
6.0743887552227855
10.7787246249407218
-7.6133506661572925
9.6678144560853809
-5.4409074169220908
12.7833535268658096
-7.1840316364005439
7.1265569438991960
-10.3576284337027058
-4.1069741794163583
2.6786711738435356
1.7972770863380232
20.9542098269569692
7.1529604453721038
-1.5930249299444155
6.4432797866790130
15.7562901314255992
8.4458650100657113
-13.5751139930782116
15.8626252946529078
-2.2748030796579943
-21.4590298522777800
6.7291621825759069
-13.6370846444190494
-4.7428670092394940
-2.0790641202386650
9.9399981044320072
-2.2151205751804586
-0.7855180774520325
2.0119334852585653
-3.6222259053929449
-1.1834509697794628
-3.7801625142190165
0.4292442373939558
5.0194533647852433
-11.1584640943231008
-3.6089375286729686
6.6301168293498245
-18.1652367222728373
-13.1236366664579407
10.2789696069274825
-25.8211869624063226
-3.5708150347427994
-12.5763670629021647
-14.4570400059158644
9.1072537512879492
11.0477317834839361
-4.1085221584928222
-21.7121542102498672
-0.9387542101401607
-13.7627263025602140
-4.7487365538562747
-8.1145683043782242
-0.3648969144529888
-4.1570710878251642
-1.6962382539923153
4.9849627238602592
-2.2976132126174438
5.7622968534395058
9.6340436048268732
-6.2476250861411380
-17.5720028408384472
3.8759021771182316
3.6135851688070075
3.3295037545388508
-6.7427946835834325
1.0070528503237899
-16.9286687999753767
-4.0824450111309076
-5.9057160617505389
0.8261415130776246
1.1251746360001587
6.3155318051509042
8.3383429011570307
-23.2702428142640763
2.4713411476263758
-10.1187743528522951
4.9724407753038564
7.1397012239502864
0.3532507589480214
23.3620533313098022
10.8420997322771111
4.9467319409616080
6.4083782384278019
-9.8851770602604034
-14.9542553213673415
6.7692312241974877
-3.4168263846258595
-4.3425391691472717
-0.8630148239227704
-3.3722781236096306
6.9975091839139640
1.9751292906487170
0.2422652660267040
4.2342620149515477
6.2914427101701405
0.1610369468926542
10.5575511590376792
-26.5045519288861051
8.6816559473880481
-20.2554729896783492
1.5787540535398996
-3.4384860970074564
6.4577575259534958
-3.8978962656034506
6.1963894732138263
-5.8210536928039200
-12.7241415883490863
16.8871312292416960
6.7699499252214892
2.5371741722920236
-6.5121552144552366
-0.4946506603590208
3.1421292758999684
11.1852203167073156
14.0678044979882095
2.1587210919684683
-7.7726722698481971
-17.4599021007772954
3.6620459295200112
19.1338007596331288
-9.3216381466651548
-6.1479851424503904
-5.6100963880082348
12.9577993762765296
0.1585528884087992
11.2173492519944489
-7.1295409559102332
9.1372748054128774
5.9934591943967135
6.1406441515322410
8.5770434577813823
-4.2590942019659508
-2.0367473747654561
8.9367149442751206
8.2413285359376651
10.8670226115231401
-1.7035336979620990
5.4634720215949208
4.5403553621144166
10.2036845149121991
0.0875880406603002
5.8331997166210128
-14.4991466556419475
19.1957528113826399
-3.1948677609472789
-0.0070932026365339
1.2926829954782710
-11.7266544172142311
16.6238282575182268
-17.2755939443606366
-6.8384589211947011
3.7498267059318913
4.3988874617383757
-13.0637692288105445
5.8942208094270772
2.8270502345570732
-2.1543268139909539
-12.1314587504938771
-0.5990616940282019
7.7450148051264076
-18.2585736619789785
10.9657333712173433
-8.8325987855642865
-0.8019118037644581
-10.2002685398219217
9.1524002806953284
23.5299847290090192
-1.2931801795128735
-0.8320921735381805
16.9306637300521921
0.0812098738650739
-6.9207306195325957
-9.5842410738273536
-2.6283680901585686
-7.5508250644709189
6.4130079470147567
-4.1324479284614792
5.2957258709096262
-6.4386842846010879
-5.4376413694246200
-5.5834365549301150
2.8632418308759422
-1.3599264960383235
7.8984481879394899
-9.3812449649695502
-4.5600364173210926
-7.8828236315881641
7.3168441216696189
-0.2199833561809941
17.0090719300577931
6.1937856648846887
3.4836310773952879
-10.5727877396828696
5.8775148362456706
-1.6405598080377661
17.9570848201736837
-17.7682617993456873
2.5929736483557821
-3.1335816460122929
-7.9516490143447278
-4.7205535818996474
-5.7674506274526021
-11.9316961258303582
2.7886044111211903
4.3352115669935376
2.1768620947390778
9.8270733315270533
8.3952715912352573
-3.5811484258998432
5.0691134491696914
1.9668840457964261
3.6374855288933201
-27.6247585727328939
9.5920972395105508
6.3300707181950315
0.1992609004678334
7.0022759562615304
-7.3299794426330873
1.3534296414420517
-5.1445324637163461
-9.7969166003199355
1.9929344381006922
-2.5655924358959443
-2.1992759525407868
-5.0117492043680967
-1.3482865692675410
-4.1155776677270133
4.6482668279675252
24.6716241865667740
-6.9755379983381900
8.9010171424790698
16.1069182230158567
7.7204333509476593
3.8072029739535744
11.1070686586798733
-9.9834803461662123
8.3681359405896441
-1.1335829296854492
15.1744826053315336
-4.8269722252462524
6.6006992911747906
6.7377842139830841
0.0662985634822659
5.6748859014131945
5.9702479140741325
4.7843564233245663
2.3616941026196026
3.4416531946715931
0.8494283857542000
7.9308022803972458
-4.6749846252542246
6.2470255600435891
-11.5691226892695340
-0.1394317930575180
4.1493850813858195
9.5684693104237333
2.2343634695334629
-8.2356198816886046
11.3177394505238151
-15.4799249423262637
15.3759390131685834
-7.4206052761453973
-4.7772483269282420
11.3383018521168992
4.9254439428655070
-2.2624701279061563
3.5638454368858081
0.9527909059776176
1.7097600179168042
-11.0628849386227905
-17.9282191210254602
-10.4094990570033037
3.5862787894796351
1.5474801391245394
2.5020328835897407
-1.3066877422131165
1.9643990347242366
0.6419405020159576
10.5650397489502748
8.9799248397728650
3.9701358114759309
9.0024280779550185
-6.0507377772526958
15.4665922253664796
-4.4151289293897236
5.2466041151176226
-2.2055575732700117
7.3689570992294620
2.3364140530194852
7.0962176476071352
-15.2203389264000020
-5.9092619378653826
-5.9599718408378077
10.4943181108915251
7.3365091309559798
-10.0104615730382580
7.8104907093238589
-14.5385304704638649
7.6060869599275920
11.9579995491107525
-14.3267461188118865
-12.7298610902622986
8.4942121072728316
15.4055379421196967
5.7740135541335276
16.5901117572974783
-0.2580583274057329
2.9145953692884632
-10.4319696802810675
-17.8142436825248147
-17.6596549715583144
-1.8721716198742282
7.1002695346950375
-9.4555247343243831
-15.1613045408764311
-16.8817685165568534
0.3648454743007381
-8.0706165125763718
7.4297963290601370
-2.8236974184657813
-12.1610647651385335
22.8845167694437421
3.8771659675807673
-1.4627740239314950
-3.8045752858250252
10.8958631403264832
-2.7653237554911536
-16.0993367135496044
12.0385932889819944
-13.7920608492889887
7.4631833183500671
4.6448697645166499
-13.6476392574700647
-0.2004320823239354
-16.7368408406938549
-2.1962232437142206
0.2374383263178497
-5.3550219949738107
12.1516605520316219
-10.1397416329570724
1.1428970978069124
6.7239227838974873
9.3605399124623165
-6.3203202114260302
10.9574241818925451
11.7234530338272549
6.6814939290682105
-10.2031480756173529
2.6794364176049426
-8.0471717999082522
-11.3880346018653498
0.5134175967727419
10.9080756203700027
-17.9385088554622385
-15.5928608022694561
9.0825811737046784
-16.3160389919420759
5.8025791703609260
-4.2605065307130650
5.1894553109548491
5.7824155656848832
1.6759330561374082
-7.7457904803312587
0.9169218673320216
-28.6854287578779683
16.9155536590423559
20.7675434357734652
8.4573348531086943
-1.3090977548793914
-5.7813229605828171
-0.6663583353499751
1.7378765752536438
-2.1757846948683071
6.1433423747632290
14.3831842035350022
-2.7565559023484187
8.9792030909607412
10.5560863911582494
13.6482828178448621
6.4234629507071812
-16.2902979411082498
-9.7414951881106759
5.1253275180054718
-15.3473965641601815
1.5402155284481083
14.7803618971838890
17.3699422088607953
7.8499945296466302
5.4379479418484680
-6.6591786436031253
-26.9147586023641594
-2.2743384805422444
13.5791698580203981
25.7051195906365919
-15.1361058637111512
11.1997386720764087
2.7044357915472208
-13.2487055569884618
6.4869054408316664
10.8099473563841197
3.8298695009674915
3.5190996702116415
0.2980069761416335
0.8745975638965735
-8.4976633073548395
-2.2975704501136516
-0.3186783440563925
-12.0802976061054821
-10.6181665716557703
8.1862288312029321
4.8284303691105057
1.2253476097622515
-11.6124150598310010
-2.1881254748736803
-14.2339451925993359
6.1712985487966971
2.5287716124231370
-2.9214196852192429
3.9926851947538098
4.1897284346592532
-14.3946922888329549
-17.5423608090120950
13.4560428487981465
-11.1747459755545488
-5.8420199220963855
-4.9733319827090403
-11.1843372737421234
-2.7266781396405233
-10.5763838729175159
-1.7221296775359738
10.2008198838216479
7.2631754828749182
3.4464975427254716
11.2690400948215945
6.1829729673271379
-10.0515690614552859
-1.3383105718194210
-2.4353351059132056
2.4977502280955690
-17.3324732860211874
-18.5342376632378141
-11.6756649216517392
18.5819296108340026
16.7763608899043675
-11.7550720850186661
-5.1664668369370563
-3.9267501627309094
9.0260497136628182
-11.3013482840684745
-0.7526838893564087
-3.6108208939624515
-8.1295679919507204
-7.6265290344270191
11.4398823780502727
-0.5436314732322352
1.8974129030873570
4.0335916051987653
-0.5169641361195412
-3.8656966006826154
0.2707387533518517
-12.5569633571821289
-4.4387150775993218
-7.7956642871991280
-5.1999068074983636
1.5372027867934195
-8.1161239983570717
17.0930021276602133
-6.6514162203133544
-4.2826959320699576
12.9483321134470692
-6.8071213371086197
-3.2764269312567773
12.8980023921631837
10.4719409123034612
-11.5437921756238051
5.3346734748447266
-2.4176257992438499
1.0866961036944360
-5.6497825829972328
-2.6515651916096710
-5.9911081823148917
4.8811756777744222
-6.2677263939136356
-4.8359913231089990
15.3107335957283439
-18.1184471512029432
-0.9332647728601788
-7.4591661932122815
11.2753006048426254
-11.9563256694213393
8.5180232938542062
-19.4329050359259696
0.7697326201175034
-13.7800115143015169
8.8552213223051623
0.4517694049725192
5.4135065562981728
11.9860939926570111
-6.5358474866501224
8.0089878690253578
20.2193776110777925
6.0766138523451909
-8.5534631885967016
15.8234801847316682
-4.9825948344112554
-3.9997310516197420
10.0899294833612085
6.7811191513193378
-4.2795846156127837
-8.6487548527333651
-18.0496419825926502
-4.4015535814599129
11.6647187471709994
13.8571930115533775
21.9919081268032031
-16.5606955859210387
-15.8469600979042866
-7.0445152234296184
-1.5986909779570504
8.5737311145512773
-11.2563221359219003
2.1246277586268443
4.8876674069164796
-5.5954622751070460
5.6356711777776312
-6.1788436545738312
-4.5153369757587436
8.5642834789141435
11.8384280804072173
-7.7895512561012126
21.8032266744273073
3.8281825294899723
4.1471525837937318
-0.6312415000184710
-2.8141478731359566
18.9971433120930548
-6.6011685550637615
4.3272057442526721
3.4646151490004944
-2.2120623628086857
19.3608928344886948
-1.1999772462264708
-9.8048442797984610
-2.4249124682744929
-0.0745360560988972
3.8363519700484749
-1.9409759668786712
-12.1705206829627848
-10.6902606830150262
6.5009439334759040
-4.8644499314437848
12.4469826209516743
-11.2334538775593220
-1.8599988851340834
6.8984007799384530
-14.8957518980226098
-3.6032704617316469
-9.5763645200035796
3.6955828544301941
11.5587370729329404
9.7732268499520618
3.1949060990274809
-6.2577941987982673
8.4158963284543997
-6.3391702944626278
-13.2995123418193995
-14.9116034671478364
6.2282785464570685
-3.8226578106215117
6.7719494793928616
-12.2628945427405931
-11.5823449816504898
-15.6078475891691504
-12.0403779920255598
12.8948765946093555
-11.0144000475442496
3.6092314178386582
-4.9084241779031306
8.3149947205506187
-13.7866049093040601
0.5147077789258887
0.2427165586053164
-13.1103514243831896
-6.4670185545911689
-0.3358480556109029
0.0342616371854118
-1.7649796149940573
-2.7233118354004326
-3.3818105327333954
8.1220590751180914
5.4796621489107089
-0.0702616693056153
-5.6776776876589210
10.8510075686747740
-2.3506433956191666
-2.6277879146878114
-8.4381558394318432
-2.7812573856151603
-10.4846825969828821
0.1658046930753057
-4.1010881682340798
14.0738182177162940
-6.4428719312500169
-6.6328710538571016
-1.1445153709605509
-7.6719623825446579
6.0234658834644978
-11.0210582573619931
11.3256830420907519
-12.7249330256583271
13.3449782203469631
17.7925856629203629
4.4579363574975268
-7.4844542366127520
6.0562648289782697
-1.8743604846402167
-4.5851520740373406
5.8980355715772497
-4.5254555186843977
-4.8302135799192349
6.9883523772335590
-7.1190665409134333
9.7952737385887616
4.8971989763278403
10.4447848736600193
8.9624907837488887
-5.1492099971134841
-4.1433440368690908
6.6821403709619167
11.8956704209165647
19.0194101586387383
-4.5234807106811328
-7.2884490970378835
0.2036927498181782
-2.6823090234396529
2.7256244136251322
7.9181674111214235
3.5699109733761745
1.4739355809851400
3.9447802767997002
-3.1812445597692234
-6.2957699694126728
-9.0643520225084337
%%
509.4771675150243482
-1.0691225265986475
-11.3634668751500918
-3.6789775171668611
17.0636835199097092
-18.7509283378856964
6.7388623228171811
7.0781711015274391
-2.5422806978521826
6.7059234168084316
11.8263762158053911
-14.2198451240484882
2.1911127534884196
-9.3293778591769616
-2.7972591881344275
3.8420300885011294
-8.7997280535391731
-8.7573610607115313
-4.8212991503841067
8.8803675170459595
-5.5716798851954454
-15.2956694846945727
-14.8866511470937031
11.0940483909365053
-13.4191555664679125
-2.7659936287430380
2.8539526614813862
-1.4416709622857167
-6.4766534191766159
-4.0248743754053056
2.5658220680680452
0.1482989677481079
10.0928812108262047
0.1013606600962103
11.1958417952159870
-0.2922602760294701
-10.1985410562259720
-11.3628816243901891
3.0318103362543836
-6.8583258952089041
8.0262223360448566
2.9394321406324155
-18.9895584275153162
-17.7712798647424641
1.0180176168459791
-3.2690354731511473
-0.3210824224393942
17.3300319024931397
6.1106973497115931
5.7594023160431291
-4.1614537309297237
-13.8453242759752388
-1.9441261078987675
-4.4347660681341399
-0.6620395514264165
-1.5029425874423410
22.3930426935769162
-8.0693399693491461
1.7488733651852812
4.3915402678647375
1.5798456088986379
11.1857993248495049
-3.7310621974946150
0.6411475618575402
4.2544837081615823
-3.4601503984961433
-5.3118338694598997
0.3746928565680476
-6.9780513959593797
6.1677483452598132
3.6514642086999944
9.6125000329085566
14.7302193339243441
-1.8714663761929575
-1.7783501589564819
9.1749607529304438
3.3645428069722243
-7.1498608438045004
-10.1384146010999743
0.8688814099243922
-1.1221539244810534
-4.8024883785444290
-2.4835369565425740
-13.0282102074963166
-9.1268402590866309
19.5051905967708272
-1.2010531672041698
-0.9211815404621315
-7.7851249978809918
-12.2017454294857330
-4.1513617466189796
14.8188083568208366
5.7471408063266658
6.0851704403543607
-2.8411614257438629
0.3143952713614544
-8.6297536720629608
1.3300942963555049
18.3981457331160669
-1.3733252774255860
-8.6201764791243161
-9.3834971947254129
-13.9137481089358594
2.6562027185159183
-4.3352455983379148
-12.8944352463270757
2.2628194117432652
6.6825784069272434
-1.3083179354105408
12.0454584827153734
-3.7468608888625741
-0.9555598299614503
10.6739301980337817
10.1410417816037128
-13.3501368221749033
-7.6905357948560997
-7.4001059571756382
-5.4365205878205884
-1.7030053680790180
-10.4188377759008297
16.0156819551168574
-2.2860761715999374
8.1364406067414965
-2.5877839748977389
14.1196145151357744
-7.2436319082656428
-6.4035887716626405
1.6586479263787317
2.3483314499941166
-5.2095358516512551
12.5436015259344149
7.3499063122824477
7.7535076006317682
-4.3684593668897156
16.1752749968461167
-1.7621479870413728
2.5671383045057574
-7.7313359511570656
5.2707831492498096
-12.1015303805099741
16.1345450774474877
3.0746661232453212
13.6262399020934097
6.6354725390866589
-17.7856649327247673
-1.3681692225209012
-1.2648702003139873
4.5531844185092503
11.9169980150154657
10.2829452720621148
19.1623546254488986
14.2363097495115571
-5.9118724736752410
-11.4442215303375612
-10.7533962688808540
-5.8165425920009302
9.8374368600768065
4.1324993737134443
-4.2081155168057629
6.6581417589014924
7.4795450110598498
-1.4506884413457453
-5.2855619002203529
-6.6028292583288195
1.1580353012498206
-1.0577110519715163
3.3187115115984915
-7.4629545678824183
-6.1807835517475738
-1.1986052890972960
17.0517488385248157
-1.7227940484143209
7.7894729316916900
-1.4156432667798002
0.9506429380860895
6.9851981560935883
-4.7463093510144354
0.0535899196913605
4.1755541684588842
-7.1599042939044324
22.4542442729043117
5.2253548765448041
18.5118572750815886
-2.1850077051829988
9.3403210141522877
-5.7677934680605061
-3.9786570969601911
-25.1133020868369385
-6.8724745546086030
-6.5620110885394691
11.7963442311315969
-6.9457696370629822
13.4232434598899566
-6.0502081404623773
-17.3306563723519140
-16.9817264519591795
-2.7345033427778382
11.6820662560497102
-3.9465711850423708
9.8423256267765051
17.4457387587225732
9.7408839882869103
14.1572414984139705
13.5476092033881983
6.1407598190128976
-1.0311791181555510
-8.5430433948226217
-0.4818144627232668
20.5624399059404439
9.7598502627550872
-4.5525173619368786
4.3016628470978606
0.2472520922414312
3.9632277310609965
1.3220187299371124
-12.8561878421817433
10.2085617957268191
-2.8584533753950048
-6.5606591011014324
-4.8743745518918971
8.3426584051497077
-11.1336787804023825
-2.1938852431307199
2.1821113428448653
6.4042060110350674
-3.2633003388584969
-11.1840539255335720
3.3087005865383885
0.3610661912534709
-15.4362465187227365
-18.8612381110388299
-11.3123737042298025
9.9929082498193154
10.7964268220570503
-2.4732821747456795
-10.3708913632761828
-12.9831799966106942
3.6564083552979012
6.5391167874333664
25.7402882743062804
12.7127881222585177
-18.6329649048722175
-15.9581386485720245
-1.5645082160435182
2.2182475205550789
12.5851460652380531
-5.9077398784521673
1.8559758161089053
14.4832818928857971
13.5137851727556733
-0.3285142942301205
-14.4631082565510880
4.1028325030146675
3.4662603782168318
-0.1089977759973166
2.7822013488195827
-5.3846756885247125
-1.6126909487049161
-6.9298103284356420
-7.0021288930746737
12.2389579717314803
3.3677929694750839
-8.6504455170572037
-7.9295073739328901
15.2498867890426837
13.4201620419092542
3.7710829656027380
-8.4857273423860953
-8.9964315651655919
-9.5138801860125088
-6.9188108454401060
-4.0934906785118610
-1.8606241856150865
10.7446602402078639
-6.0764475494166845
-8.2826642548493012
-4.5712770305809904
7.8503307423744424
-9.2340219563677675
-0.4498456743743642
-12.5294491594631108
8.9301767051937606
8.5339356517939340
-4.8644737781991143
5.1209513552616395
-3.2544989584165416
5.8752589574209395
-4.3895209142044234
-0.3472910621288499
19.7301661282085483
-6.0622880597696884
-7.0740884975155627
-18.0693921993985640
-12.0430819456038094
-3.7298508819985701
6.4111013912061123
-2.9611872612594539
-6.9617648256237086
-6.0448116888534145
1.1541892510429896
5.0966847305254834
-1.0601478654966168
2.7012479828800910
-1.4460619339275751
-1.1860268129948786
-13.1600554454112508
2.1586888292295345
6.3890050226192265
-4.1065017782073419
4.4544450450995026
3.0959333328024030
-9.5106126591418931
2.8271406996342079
-2.2292932414834294
8.9654622529184795
1.4551274373046801
1.0058753274951591
7.2222789085632986
2.6252312035666328
-3.5370366713692722
-1.9872485429674098
5.9593709525429812
11.9245370516917770
-6.2558857522387878
-8.2169749017536695
9.6660831181695457
-17.7224722467668201
4.2662315151350416
4.0362590639067033
-5.4957542616934436
-12.1834255563933986
6.3456730995168300
8.1522162695041871
4.7640406178469705
0.1622119544062954
-23.5230687288005562
6.7407264180116719
8.2089341051787024
-2.2876055716194115
-9.3583304947415691
-13.0761753294997689
3.4844378560336589
9.8053559749602108
2.3521071609199193
3.0213839744496811
-10.5809697128241602
-20.5916171434338970
19.9961187807572038
-5.6578348758392796
4.7823976779135311
6.2455928096053892
-6.9554298698634263
3.5537944670096806
-5.3554197646490174
-17.9688055081900409
-10.2874356820655990
9.2789553587600828
2.5261580639168346
8.3425615663248838
-2.5607869600170932
8.0622363831248176
18.6501950139748232
5.2883843632964425
-19.6464291834517084
6.9158647203750032
11.2295251369818292
2.1781654016346512
-1.8223199890328190
-5.6573249796250096
-0.3800245110555971
3.1094117819113265
19.0022410881677004
0.4040530787965562
6.2233457070012452
6.2360974787504384
21.1933153868538966
0.1007736265180630
-0.7471272213770361
-6.8975061513383444
4.2843307340097194
-1.2755448385290089
-2.9058663904896376
9.1368218492617856
11.8316161411440532
0.3306969429405626
14.5926321065440838
-6.0804059934370187
-7.0793244640592405
-6.4382000795648402
20.9240986898050529
10.2755071239025675
1.2755292202931470
-13.4092532318034490
2.7234311107211635
4.9694925335937565
-3.1146658843459796
-1.6571439574345472
7.0093213444142464
-6.5297733190729499
10.7489945265772793
11.6991134344005765
2.7742378400838987
5.4038815670923785
-1.9164325164809584
-11.8792434157374505
-9.6672193739614389
4.8776389983341257
10.7752178463106585
-2.6671460721261422
5.2056634422608266
0.6386170373082333
1.7759576172400928
4.2618607582373720
0.8175205968451045
8.3009038312281440
9.3549301291563047
0.3467208343820389
-0.4003067259586452
4.2490122632864527
-21.7048209571422426
-27.2444092568215055
2.1878828302292330
2.3018798237476403
25.2891206334118586
-0.6073212197461109
-8.2852719417593867
-6.0630291681448227
-2.3974185864668982
7.8524145149202589
2.8749796098034146
-11.8799865324303600
-10.3771881797819230
-5.2226636353773728
-6.9836354216765635
5.2708328867956702
-4.4541946355781903
1.6134265054867942
-9.5962707007439345
-11.4898273773143185
10.1838370479910783
-0.1727296291112257
20.3640384784467159
-1.0162443948216744
6.6103434322971859
4.9291347858288317
-2.0433669355016901
6.9113546503490140
6.0078034249413408
6.6402096273131868
-4.2078143715970988
-0.9118169634474933
-8.8183114640586773
3.7578610769979597
-4.3545088404925441
-3.4393961562000634
-7.8453128793158147
0.3177149497117517
2.6169959408685024
-5.0625004389532631
2.7589352810803884
7.8794196258193185
-9.1958657812288234
6.8357133812348643
-15.9013562806333724
2.3309898082344822
3.2148028068139598
18.0782796973334960
1.9142464693548646
16.5294602080613267
10.6092310690253520
2.2515078594369387
1.8137253555528821
-6.3680756392584037
-8.4483908339879612
7.6717554291679892
5.4930767215326330
-10.6265297157860026
1.8818981263750034
21.3149150234563578
3.8593471710994880
-3.5831066561031801
-3.8454186359516789
2.5814635800957140
-15.3233262872611604
-9.2783997525511239
-1.8184703019583361
-6.5872082135873669
7.5453032928501482
14.1301106838305390
26.2209280542465422
-3.5272558833221033
-2.6999311738171614
6.6776217256282839
-5.1592051703564694
7.6212220255768033
9.9359203044114270
-9.2205792541791318
16.2212211451444155
0.6513079650619749
-2.1367218678175033
7.0246136696178318
-17.4308799044995943
-21.3329948798568125
27.6784239261190805
-11.1978918168987605
1.1661325979922772
5.2830824627803619
-9.2632826806818951
-12.2890371914381085
13.7414733985052244
-1.1129477952326159
8.6269894095243309
-7.4528933204714338
19.7159884607275870
-7.5566791296049693
8.8760520732270258
2.5187149837510772
-17.4202150463984715
-2.3169591071778606
5.5900015969946750
-3.5787339868122858
-5.8632314797174336
0.5690990442439361
-6.3458762011675258
-10.4403969758066673
-15.4620367050211875
1.2137827258088199
-0.1204939600232470
-7.3108684626860274
11.7822552566782015
0.6147094877144608
7.5283810710247110
4.3412266489360336
10.8822234920032663
9.1766789528784756
-0.9409781694630146
5.2039643103181294
4.9010983041280163
-10.4196985823493957
0.4960208234466705
4.3254952546092014
-19.6595703572169995
5.8621074556264574
-0.3967614525893759
-10.4354489491222093
5.3521075041296005
-7.7149537718020724
8.5205151723471353
0.2020332197920542
0.2045187161882158
13.6577496941137895
-11.0828350390502379
2.1179025488957111
3.6743436001724881
-14.1201261177543707
-6.4497958032414546
2.3908811313469416
-6.7945596278928280
-21.6142746677860771
0.0367472311021668
-10.6817185893259392
-16.3873524299427373
-8.4056149252247430
-6.5382039185743199
-8.6238146390925969
3.3956348532358378
-2.9680469594706671
-2.5226968153139713
5.7769929125454844
5.6956580870093134
-6.8934727134167577
8.9547109509959153
-1.6462407800289740
6.2632465223801148
-5.4032700086591063
-0.2892218698350137
-7.2300905604303596
16.0460264146495000
13.6862279500495632
6.1118898131814987
-14.0265985405482532
1.2616777434351398
-4.2385750321063398
6.1396221158300399
-2.7398755919125337
13.0298762157260235
13.5894637685750475
8.7751050298463689
6.9124187840268565
5.6991029192884444
-6.6717567260029309
-13.8039013269567032
10.9575692673650522
-6.0318501152700179
-4.7087385907739030
19.8646550213303570
-8.3448230203874161
0.8642640522358542
21.0971995396229275
9.5034918438059037
-0.7083543090468183
-8.7506773533144653
7.0661158347372286
-2.0284181776123629
-25.9080762997937484
-3.3549293384305408
-3.7605046162476126
-2.5120912581487072
3.3433137277063492
0.6168733546058367
6.4016016152127380
-6.3406133014327830
9.3416007169517137
6.2170264127619257
-3.2438763301187334
-12.6837910520096884
4.6138106005109094
2.7074399057531799
8.8428102606074113
-6.4164470840622370
-4.7816435400129293
-4.0524409628769309
13.7050718276674708
3.0115298623501827
21.7905022518484195
-17.5426573556294194
-5.4653471681262147
5.0799584363143904
1.0001216450617951
-15.1138971376091042
-5.4616490098788457
1.8233716310636656
5.5433101282851549
10.4257820700679638
-4.4267190979415378
-0.6437548161246869
-16.2685602521426311
-2.1683717127720286
-3.2858365687863840
-2.7471350707870554
3.8104031979047259
-6.6221653938041101
-10.2052218611058532
9.6748224729673762
-5.1266155273860141
-3.8472920675959896
-4.2312791144003787
-0.9742162918103769
16.5020684682492700
-9.4047713106687993
-13.9872584884323086
-25.2218767268031243
16.1040137687211704
14.0122856267984606
-14.4738748850399030
-7.8371549997165193
1.9017210190585794
7.6444805980305031
15.0539612855198115
7.2252916840651444
10.4737994540279757
-14.0346488127384745
6.1394176769931601
0.3296710964376692
1.5006289077526445
14.4666830975924796
15.5965274068421138
14.5087056860196597
-0.1967826108769106
-4.5282453792428718
-5.3922855477053560
-5.8366415470159048
5.9393635582100490
1.3179416414240923
6.0556846053604279
6.4345965426395857
5.5414552428595822
6.6264146215961581
-2.0785069265199976
-11.9084659771926198
-5.4323998447931459
3.2927202415336736
-1.7265941237216262
0.9847009675928504
-15.7178903362299032
5.8509896537988011
-12.1694940034138490
1.9963444601807598
-1.9950947375230221
11.7485719478380037
12.8829090562355937
2.6464413370067783
-14.0156890745566791
2.7300954288029580
4.3114961741828690
-11.2788700271375379
-1.6348403941178224
8.7364589407178102
6.1878473599969084
10.5041290421133660
-1.6879936624921790
-14.3034662167278253
-6.4217034054841866
1.3983521513265318
-11.0234036031760692
-8.7955404099508403
-7.0408859769287027
0.8161171583020885
-16.5803277501859299
-2.3462282641452381
9.0659597596535306
-9.3459643488172048
10.6279974793896486
-12.3088164383448166
6.5465870410625602
4.6452926697138928
-14.0758940163192996
0.0910023567400717
-2.9764617129600657
-4.3826507843458264
14.8602398081994309
-3.8150070767021296
-8.6962564502391793
15.5943953955318193
-13.6995159533940871
0.6522644521113028
6.5680133322143712
-15.8622425507430123
7.0130764914807644
3.8416847677490855
-13.4646625707587440
9.3786098521393342
16.0396313063695075
1.7050367370406647
-16.9918560079411591
17.6408618815236977
-5.0084734495298893
11.2850437624875486
-5.3666703813428143
3.0753644001620466
-4.5141249968996577
10.9851525243824639
-15.5451753735674139
3.5801666169834521
12.5018119518393789
10.7023396633520420
-6.4359527720948719
19.7657595893629363
-2.9890803858030690
4.9324479647832327
7.8761479748795535
-12.5817153113803215
0.6665113254425505
-7.8133850875187569
6.1148500606014746
-13.2817326160424916
-7.7472175111625470
13.2488205813645550
2.5576684227576494
0.2773072231094722
14.1568491177038016
0.7705658279071788
18.0327845931980129
-6.3872202262209292
-3.1208080557597500
0.4962345719463288
-8.2559184504023850
-2.4491593141169417
-9.2235721738236123
-2.4329692756437309
0.3557483126741561
6.0510006884238789
-10.4657297062495900
0.1062160983640608
-3.4150834753971817
-10.2321420824385356
2.0078844061184000
-10.5402727721117451
-2.4934199729762145
14.6447775052751563
-1.1848589419236752
-1.9849445331939428
-5.1566823206800230
5.1412758427412903
9.8791300744399528
-18.2127203809232903
3.2606793742616009
-12.1653454273564030
6.5197897616185623
12.5527576706433912
-19.4073351788971884
-21.5672060655233189
-9.6297842467006909
-10.8765625149764240
-7.4320314102095892
3.7591317407471774
-28.4413872394029390
1.1973946509181808
23.3294295864010195
-5.6521001217833291
-19.1730981216763254
11.6251992089266309
14.0834623678193598
-7.8423131977093039
0.4891324588121075
4.9406108675027767
12.4502408064477521
-3.5596005462160250
1.6809730026194067
-7.0208854109715464
12.5670834507713440
18.6860259778440962
-12.8123568789836639
4.4725328878969846
1.3309153185426061
-5.8171878616332968
-11.0425214335134143
-3.6798863009088398
-5.7279851242150999
3.6411522069007747
10.1972771813481344
10.1470659062439772
-11.5834968007994821
-5.7241993842909498
-14.7908271549887491
-3.3348023377863196
-2.9058196692974936
1.6130254111344677
8.8112899638053346
-12.2100804626353412
-11.3512500429534473
-18.2858193771618360
-1.3161548952339337
5.4845799899224446
0.3959223781496539
-7.9725364396941956
-9.5366774158735481
-1.0718579339731269
-29.5368945700499950
4.6311368608368042
-8.4537354796477651
4.8293866845415474
-6.9900881837930555
13.6710001445441023
10.7616416112059987
-3.6716238079154349
-5.0047832388797415
-8.9807209852098353
11.9638348977301483
-0.5032826639698529
11.4659448332837037
-3.0025989206635408
14.1071418311894021
9.1960960133877734
7.0568792717423063
5.1693823980143181
-0.6340601795188729
-5.9001368668518985
1.7021884302436683
5.7153794934610218
-1.9495841151674795
-5.3862879932648902
2.9195957417867593
9.8941867077563987
-4.0122049696785647
10.7323970554248369
-7.4234549503426805
-1.1957366136003231
-15.1401573905432372
7.5932518324509681
3.3206078438855346
-5.7455640964609174
-3.3337740151409405
9.4568789189403741
-15.0236719288649230
-3.5331675589746343
-0.4174042766387167
18.4519263330854315
-13.7994216292489327
-5.1364680829845319
1.0104457416339505
3.0413120887531528
7.2144317765245054
5.3390662941586848
10.3706735312077498
-6.0657466603357868
-1.4558389371730485
3.7714029521664374
1.6099696059176951
8.7744980653957434
17.7165902240645750
8.8418849059618125
9.5733216231342091
11.1093189569403599
4.3100700095608619
-20.6712109720362704
1.1438386017551760
-3.4562588619134047
10.0903575132651699
10.9417892877076195
-12.1678456948027556
3.9742245950007931
15.6457352681923432
-4.2027538951441485
9.4016308665159531
3.3663561196011411
6.4282157829695254
5.8610023436655947
1.9535716592956343
2.0354669525509115
-8.5168440567162307
10.8652403597146261
-9.7786588320578378
-4.2149049415666600
-1.6954633715218130
3.0356416357905451
-3.2405757976408940
-0.7889723913904363
-9.4224532713531470
7.3712425253753961
17.5609549712799655
-11.3884826363604308
-1.5062755930138194
8.5543273040935635
4.1880146479471314
-8.4671702764378658
16.6320453805184805
1.2202653063960520
19.1776960663346330
19.7211405836863847
19.6147916876586983
5.5121582544286154
-10.4718429695257953
6.8674750894910828
1.4797661017251516
4.4260794129565904
3.0356372070541835
-1.8150065757829821
5.7072946598642940
5.8468605816273520
-8.0708405674265631
-3.6391979073531449
-0.8735999862443524
1.4379228575183696
4.2048465158538004
2.6401634644961973
-20.2066028012160892
-13.9682141908105972
-6.8229750575385442
-7.4993418621411845
4.1490431793053864
4.6004404245646286
6.5649201690707129
-3.4656220139720970
-2.3951932849991229
2.4670216769521618
-6.1938182077822255
0.1808401848304779
-10.6463952112669666
-10.2707355422798621
7.3490688681969205
8.5002812829049468
-2.0916565942543772
9.4495885573451446
4.3588016331743011
-4.7342130513787177
0.7939574160286655
-3.9608210931515719
-2.1954706568152984
-12.0433394679589298
-5.4856536445981865
-5.8243652116099964
-3.4593659391972578
-1.8737020585699646
-6.0942547871437149
10.4582196178734748
11.5016373230561015
-6.8694267995163045
3.4151144511188365
-9.7582334131300001
4.7477518587666889
-26.5296930825118125
-1.0723579821214768
9.9205742329777244
-9.2712699621504200
2.7295180649220390
-22.2174101025761104
10.6862301489037037
-0.6686556886390225
-8.6492030066658838
0.1533673325151987
12.6976712647841445
3.0929303728303985
1.5078876375072010
-7.5858100262868069
-4.0315740139543754
-7.5396759825634883
10.1960128509418482
12.8345104352118700
12.4329179636536136
-7.8527552257166757
-7.0061057739156123
-7.7417835006118532
2.1425216679390866
5.5711417177191400
-3.4432382008601294
10.1290912933752200
16.0525072081791045
1.6531054973363100
-6.9875178207558433
-4.4690676724606941
14.2318326865154940
4.6795085273592960
9.1593374900810378
3.3631009566892263
7.3869696993764880
10.4232642725430846
0.9874474611711577
6.6741824466910771
6.9540033769317322
6.5678038275788930
2.8909228355561067
0.5891315976107392
-3.9498122374363480
