%%
0.8483178396146527
0.9316474009271629
0.0749141099239747
0.3243126095086337
0.4889216894177568
0.2003220013219365
0.2465207945154783
0.5009444841545747
0.3833875674814791
0.8638473264891788
0.4270323830861616
0.0263683207747022
0.1798125277440863
0.5388504032397917
0.9782153590525915
0.8309093043465101
0.8577368190902865
0.9543748287741737
0.8490474371089849
0.3694121479802369
0.3352441047664209
0.7552438928694989
0.2817087394018067
0.4852360002861091
0.7268004045533238
0.6343918397825450
0.2104079488356254
0.0395947057002634
0.0400209978161234
0.2976758337005888
0.9521082225628823
0.1866873697274503
0.7358651200871347
0.1361097436415447
0.9090931683964897
0.4604792296588825
0.5769636562652027
0.8616704275858206
0.8767687582692533
0.0279669403183254
0.8816612565392817
0.1866195592416753
0.7633503369248252
0.2150746941951263
0.1339641300308199
0.7161428864829403
0.1365021466723779
0.5001932391978972
0.8470236345937937
0.4470622249540837
0.7140811894103265
0.0127652175460312
0.3876666127209407
0.9958895038034786
0.0926458725571736
0.9676672240567189
0.3736362838672994
0.0488822949430138
0.4076365668481068
0.4603180906842517
0.2873166763901486
0.4365584272465929
0.5850196896009423
0.9590813817633715
0.9980595552286854
0.6068136140773602
0.7043815368917442
0.1974515966674346
0.6575472564589070
0.9454611044982865
0.5747363779881197
0.2194919783622648
0.5763745454924379
0.7153851752905834
0.8911010718686341
0.5206280483477259
0.1501220678649025
0.3812301813733660
0.0463248309608765
0.4254903780644615
0.4973494195501764
0.4281354730441760
0.1142915128435944
0.0804645407448647
0.4373515560814680
0.2582268915654431
0.7683934478079263
0.0766898881091194
0.8463122892926332
0.1107166721271598
0.5840612962298976
0.8557126220464411
0.4838001677368423
0.0621016340325793
0.1310235740565679
0.3776118887938892
0.3530460812272584
0.4149216674120018
0.2064459122797230
0.8343916891700796
0.0932775064851222
0.2731170192259920
0.3356228717457055
0.3267963290017710
0.0435681404918652
0.7228303690021292
0.2107907960557750
0.9615694238266003
0.9326414560282523
0.9394618799882867
0.1764777376547630
0.3732788212737727
0.4000735922705779
0.1120309369903489
0.0511100243190568
0.8575182783261570
0.1349654718909908
0.9723092959416103
0.8067179481103881
0.4657453752075365
0.8214647023258758
0.6642716262994925
0.2924958180021960
0.9396144243758447
0.6692048055281263
0.4554570494036198
0.0154017302137861
0.9462209557130911
0.9279331770197743
0.8926116198429296
0.9844385803033128
0.8235301034352464
0.1171662519206369
0.9738432213333370
0.1702801969466125
0.9700813330218533
0.3431322540111262
0.3521808070203251
0.6456496860574097
0.0078332098488572
0.2780721231188467
0.9308493287741327
0.3391027675786487
0.6387221774977941
0.1387668025077644
0.3193379819348149
0.2938847760898528
0.3760463174887679
0.1542553433051521
0.6639159037834084
0.3564936178023257
0.4878134574691712
0.0345427675439928
0.5848943772682992
0.0693781648667100
0.2191364932019932
0.2761112415673199
0.2440285243758249
0.1440250692777039
0.7614656056422392
0.9809620066037130
0.9348033021342805
0.7552137859210596
0.6065311722051752
0.5503350398133949
0.6275061460415338
0.0111472337609468
0.1246312888209616
0.4231461451579110
0.6484414922888584
0.2337922181906040
0.6779685516426726
0.8782741573686651
0.6177010100415349
0.2939854446950563
0.8761871775505162
0.1810071211477334
0.8720289503655566
0.2532811225707449
0.6100117892988954
0.9301354739598914
0.5191027833281141
0.1431706944572742
0.1708568797583734
0.6242359909565518
0.9782736794109049
0.9891683505866096
0.0196826080659797
0.2768293352286383
0.0768308861291690
0.6270659160444320
0.3147389465422545
0.5336071033488232
0.0120537996182269
0.5307654724048916
0.5153605911637142
0.7528566241924224
0.7033589194426896
0.3209196647064811
0.4410043195102882
0.0111739864620048
0.2863026779679601
0.2683100918304755
0.2979827363431253
0.3721852873425603
0.1633665685261703
0.6533281645944697
0.2843454312853405
0.9051319563159713
0.5983082899373767
0.5757792223158209
0.2692903346720601
0.6096013896981760
0.0901025770439411
0.4634050247425767
0.6204605185689965
0.5112592424386806
0.4937665420329518
0.4695717035134276
0.9097122918366112
0.3201641400746201
0.9905173479273656
0.0056370341850618
0.3921534977584564
0.3346194563079505
0.6360433801365077
0.5201155310158935
0.4362019819492165
0.3809198621760362
0.5670535082271564
0.0529453230927324
0.6790772399224166
0.2868627608072348
0.9392660254042972
0.5753465166316099
0.6541005362632644
0.2817555840484371
0.6612642174687781
0.9423159385445181
0.9174747407529212
0.9779240481377166
0.2986892413220574
0.1916000764166038
0.7468217076566656
0.5936366233299584
0.5410113779987784
0.0748945408290509
0.3395152960985217
0.7470779072815197
0.3161020201267201
0.7374536219431782
0.2805479172708150
0.7130278376509701
0.8459418603364357
0.7522291563308318
0.7673406794115867
0.9791920811987473
0.1123833682832090
0.5471981463946101
0.0433784996754932
0.7831913287613563
0.1725964107004632
0.8671010177349522
0.6393078646525761
0.3310881842077714
0.5352403136965146
0.7661294193430825
0.9244074576810648
0.0287942216685237
0.6707214734656840
0.1748621195872093
0.2273862811658987
0.2993243342441511
0.1768052463670724
0.4825229633452092
0.0222151629699995
0.1239513072997847
0.2987613558162890
0.1379142600723082
0.3440376084075450
0.4373647696000651
0.8535612938381643
0.1715420896272014
0.4749277287386244
0.1199070948150680
0.8089862728472129
0.1441451973256533
0.4292770696419592
0.5211270487544926
0.0011758916400356
0.7007083090818177
0.5281931199838487
0.7671373984849126
0.6021015440913253
0.8912456482822858
0.7899403302123719
0.6772490738704474
0.4708856876330734
0.1763984475095891
0.1463600662811033
0.0165949685352888
0.6068381808285457
0.3224651525151173
0.5148486338006011
0.8463707450685359
0.2157857682105999
0.4175494429555621
0.3779135888568587
0.1956304117824023
0.2671144901023431
0.2978924140317022
0.1791553064131353
0.1601117923815020
0.4436703260522413
0.4354899010428503
0.4863644602979916
0.0455654999679936
0.9061800810138900
0.7274221170832363
0.9082424735107425
0.1397186081418257
0.8710584598934502
0.6569208507280179
0.9408021142124381
0.8543062414871980
0.6782227444037920
0.9034898824859597
0.4495484633567567
0.2222523874894407
0.3137809125552068
0.6478283781152648
0.4165082365846282
0.0360033802245706
0.1218543381677559
0.5108797423897457
0.5180611700108055
0.6056074920261487
0.8779639279963387
0.9471242759165983
0.0824748458740915
0.8674863090505956
0.7868870903622686
0.3087124472657461
0.5009663253734257
0.1286847456523950
0.8405951440090710
0.8737823046846828
0.5714577591226613
0.3163790157527726
0.7294478876193773
0.7828848822471060
0.9947426877569866
0.6268310698491563
0.9471211534578475
0.2243844220207657
0.8573988054285285
0.2936439994440631
0.6987905411296418
0.9507698943631454
0.2277384525626225
0.0983196954057779
0.1158788858867381
0.3943691258852570
0.6522812929588194
0.9323529611324425
0.2505797725678027
0.9463081170472853
0.6972081938469031
0.2217159609909230
0.0158618584757915
0.7992336160031288
0.4916870887409591
0.4203222451574106
0.4954300164669786
0.4072567181943900
0.9436149636721938
0.1115558766484206
0.2133777544768501
0.4926894729576140
0.2288864259039310
0.9233105307500995
0.5522443624207825
0.7804758780629942
0.8577533254670533
0.5175537145011389
0.7458849304738195
0.4700598126387943
0.7256984927494721
0.4946461243081034
0.5928752445277561
0.1435942641956947
0.4530628816644502
0.7303585087668238
0.6771458036224584
0.9821343857747540
0.0328071121334004
0.1185647260517267
0.8226081939044526
0.8158652049794541
0.8828048367094834
0.6291305933887741
0.0868219653016111
0.2738519339014919
0.7144746575303565
0.4011478376237659
0.5007377866913673
0.2288648035566036
0.4618209141005981
0.4425821772294087
0.8664060965744277
0.9349865168431754
0.6358704096466863
0.0008392427989186
0.1111643065065295
0.5246200509372015
0.1354282528990725
0.9424363035310214
0.0744909276406249
0.0310511640320245
0.3761947915818324
0.0217261429493881
0.4949483768791444
0.0973932294672044
0.2981311546048886
0.4083570361665385
0.9868219940278903
0.5543595302377633
0.8069034553160739
0.7665658438032671
0.4969299039679246
0.8434804973005380
0.7665036069247364
0.3282416327845119
0.2149426327922223
0.2818218695863094
0.0961871139367003
0.5579491260907850
0.5867774049443926
0.0881760013338349
0.9878358065870914
0.1061326855761554
0.7271613020145520
0.5798325617779146
0.1155059662760101
0.6973883104954021
0.5049354722387228
0.6508972709054981
0.9006534219964644
0.9605391610546545
0.1394240512290819
0.1671649450914079
0.1664775697290567
0.4080768206037291
0.8477853400387060
0.4499655955247234
0.0255424858209450
0.8505854782984940
0.4636431798425881
0.8918284279836336
0.4856684644884649
0.1659858594059837
0.0238823839065784
0.7994671317638116
0.3751432912824046
0.3804227384496434
0.8413148607509543
0.6506283850297021
0.9766834855366925
0.2191262745253812
0.0248922210452291
0.2231645580382334
0.7404604855597532
0.9355345620434551
0.1653789667168293
0.1059396938307424
0.0020044749140114
0.4132138001260813
0.3312924847795359
0.6492165403032210
0.2445108317174756
0.2171661955475684
0.0119041354225503
0.3199195886761848
0.8799274836463801
0.1697847195140275
0.8799610104744855
0.8029777980474817
0.7691105305599997
0.8614010915991184
0.1349045754696620
0.1039159475547794
0.8460187964385510
0.3083002773220541
0.2412000351515887
0.6655076815675369
0.7731655682148677
0.3339247226528733
0.6582442922969689
0.5215653744435931
0.3567305965895141
0.2981062040854478
0.3833902369228816
0.6969715537271688
0.6615875892135347
0.2121642451626392
0.6571424956786973
0.5146580817967552
0.2742574950854690
0.0533838274345822
0.3421116783190124
0.4346208023329561
0.9428593202287435
0.8746535554914753
0.2787038915386076
0.0607629710157441
0.9475482605076305
0.8000948050982155
0.6696032733350000
0.1191064572806398
0.2713718953917491
0.9754531978352212
0.2555018393548908
0.3156812728266634
0.0378755150817178
0.9773316421998351
0.4036409576832637
0.5324200478158887
0.2225676235619323
0.8308367730086326
0.1544569956255000
0.0976873451282712
0.1354281620445729
0.4682417610236912
0.4112113092197985
0.8283636157802693
0.2354485044044702
0.5138595908016150
0.5212459531899646
0.4374620898104384
0.2897529706909659
0.7560560479391087
0.3444473384695645
0.2101710283430648
0.1913184876725962
0.0194703354524034
0.8244829999712530
0.7004725373098700
0.8548257075248383
0.7529110407603758
0.7272569630111225
0.3430262664463163
0.0543663112093189
0.8584713279607648
0.7237250361599911
0.6861199156789359
0.5769331828313227
0.8880877406289909
0.6817980021300837
0.7181124881078564
0.9474077459051521
0.1669314152562441
0.7977844154557096
0.8776813456744198
0.3617756810620581
0.9250877956455573
0.7853559941128757
0.1073013935372346
0.5154524213956178
0.7705336169182980
0.7455632462415369
0.6858314418579472
0.1451982048517642
0.9769921914533929
0.2707441083651104
0.3692377801896228
0.7895927671791430
0.6419221159474837
0.7595767306201764
0.7091781136952096
0.3356167379256038
0.0962530381386420
0.8259778697714617
0.9345988394413669
0.3858489471473220
0.0361507946973068
0.4856627526839860
0.1892051894625248
0.4575719204283109
0.2364687687064010
0.3024395144952008
0.4236979859470674
0.5712537893453448
0.0743859838433636
0.6992511255983868
0.2143443403429400
0.2557727874806550
0.6020575222876966
0.9329008633467030
0.4591264949733487
0.1316420504742486
0.1834118248178533
0.8616452724482049
0.4934215152695882
0.7063222135519909
0.8890629485443693
0.3378400307458436
0.8999166805341422
0.6545776790901677
0.2924360980490139
0.5331525361872268
0.8521209023427115
0.5028403366193390
0.1964219728651424
0.9007642452958530
0.6041960938460277
0.2353145244248827
0.8739339865772545
0.2358180816613767
0.0053266675227582
0.0245024808476083
0.4565489134444910
0.2971400601481179
0.3462918638414297
0.3174831292643161
0.1022473410018786
0.6345702753207734
0.7986179739274762
0.0887550087202571
0.5395607076593224
0.5027804701398525
0.9545712661808851
0.1311646089110300
0.3816839551933244
0.0287340536949976
0.9741228417106041
0.8881115817590194
0.9443051692007695
0.3973297345018290
0.2435155738852830
0.1652102803404903
0.3243142246189342
0.8630564791046341
0.7427364645761575
0.7628397127536366
0.2767754158606018
0.0538923118737419
0.1873698021206745
0.1533627910315691
0.4113317799803305
0.1961934245958332
0.9159060981202446
0.8137254244255523
0.4905641817376404
0.1733549482124006
0.5895471919253229
0.0471340501793856
0.9186568804660693
0.2220043575160327
0.8392061621265459
0.4075368623069701
0.8249215210109830
0.9296441921715146
0.7625185210257652
0.5646893167247345
0.6062559916719461
0.7733470603381122
0.3581334207021432
0.2525868596630824
0.8030837979013034
0.9078980508746070
0.0213157617704918
0.6198872241946154
0.6982054377522401
0.9125352939114136
0.8662395645424570
0.4964301003594250
0.4589454657543227
0.9729557362505116
0.4761687642040447
0.2915994889708689
0.0625496872006724
0.1082706330984529
0.2676008131717454
0.4510148028230647
0.4210224473120947
0.1548976062879481
0.8710345719788597
0.2967209912992471
0.8860973384349545
0.1028653706204793
0.9112527657530287
0.8316115232944399
0.7876503979181846
0.5703146078114243
0.7668035869923945
0.9765830388028187
0.0635054924724125
0.5053664034118617
0.1667977138441292
0.9084464933427940
0.7396569990701948
0.8901329413650267
0.1282122077353620
0.4280410688231076
0.3546730853650018
0.6740117202355542
0.6993058676596479
0.1008720531313658
0.1655201742599672
0.1678607872980307
0.3498860824240698
0.6979183623465720
0.2972227666959424
0.2718621421393922
0.1371334239013910
0.4695049786139125
0.8856335695096561
0.0421636389002602
0.6171453064703414
0.8408735929295654
0.0821163784732936
0.6958031307930189
0.6798926151186255
0.6338000423355364
0.4342430860317124
0.2476013748163865
0.1524726995823791
0.8910536354990762
0.4307119981575572
0.9065538585311617
0.2802491643541730
0.8519531607780675
0.1309172521114062
0.5223657172611972
0.5940340561115732
0.3471992523602176
0.8553387616652556
0.6768882381811585
0.5180580908117607
0.3464191929026591
0.1534112256529780
0.0416632587526700
0.8032127017104451
0.4956108399308800
0.4327021758264568
0.3047239994232592
0.8910031103464617
0.3485973984888802
0.6992259055414151
0.9250438169849708
0.7898209042260892
0.6802180037968130
0.2967131969491587
0.2720348328492520
0.4998718700371028
0.9163578329533125
0.1844334098123010
0.0446327913910037
0.8986315754794177
0.9565339328231259
0.5917358349016343
0.3039301433909674
0.5032089054635454
0.0098436923475592
0.2290618525922859
0.9941160211092916
0.8018469588895006
0.4515732147894628
0.8513496134842463
0.0670183661705313
0.6178567164242852
0.4182952572441551
0.5383931272117743
0.8023733482266281
0.5417656241717650
0.8788865026335969
0.9290448072784062
0.8280212198734908
0.7615164777749828
0.2390743428106357
0.3649655704104566
0.9861748858550504
0.9590151332996334
0.7884061132262163
0.0238172507286693
0.0288057462668017
0.7563025130758088
0.6327250271593858
0.6647564006738251
0.0403168932323779
0.0851091202383121
0.7131062167973624
0.8266676506818488
0.9699554487883290
0.8566660020465017
0.1673708090915806
0.4935407356523587
0.2583648166914596
0.1595971470629153
0.2616218585439897
0.1565142635892891
0.3304712882926483
0.9311919539307059
0.1237307163308776
0.8449149809933604
0.3000564008709446
0.1208132269579128
0.8551890471212074
0.0613489685386913
0.7006205445868144
0.1740531003432544
0.7732481261159894
0.1343660168913316
0.7749930699273819
0.9868025567899982
0.7757411308234101
0.1887441922584664
0.0740016559370295
0.2881953716589823
0.5678458093960356
0.4288866101517670
0.0670517898261449
0.4631190147842646
0.2993357137446890
0.9724694844095528
0.2340145672977075
0.2952070238889182
0.1034148020388507
0.2599693743121106
0.1983623100747410
0.7891247745270171
0.1365468411207909
0.1704415101615018
0.3795300396545589
0.7872552286992399
0.6761356879505004
0.5746224709379114
0.2599649322694619
0.4465083963340758
0.1772230114168324
0.8958712439541665
0.6755852294955170
0.0424740404216321
0.3474975250466014
0.2787291110962878
0.4239709392959372
0.1264310228573687
0.3030433007684182
0.6167934317373043
0.9774138579905517
0.7922540390432117
0.9754042035037350
0.2937298063641197
0.0493613402709324
0.2131441317680902
0.7118006990276875
0.1926245778050174
0.0565962349320215
0.1083695656991906
0.3233653572329019
0.6883633369417523
0.8142820788077080
0.4708595737453577
0.9574256940403741
0.8577722569424684
0.0390429387589084
0.6485406197671680
0.2286115179667637
0.2505120841371920
0.4679479656413075
0.4803960416666576
0.6427271305126666
0.1298867853024623
0.2293811386379165
0.1945257046607350
0.5737600072544007
0.9456753829298495
0.2914040068729966
0.0411626576385112
0.0851770531853963
0.7512162357048413
0.9114283912185644
0.1084939194571904
0.0340797220314683
0.6686522970980507
0.1906153990139051
0.3274779492389834
0.2516885885036551
0.0772963287875257
0.8935280009426281
0.6201968041430754
0.6029673627910744
0.2263063654776020
0.0421182878029569
0.0135692741556023
0.3516307018310701
0.3075847105833159
0.5301877412643056
0.3610995616465294
0.0932831537509481
0.5333126231650014
0.8783698621094786
0.4581192548325713
0.6692522865725606
0.3856532909282943
0.6141582130483899
0.7281831720947005
0.1948844614969170
0.4943642276124682
0.0784046332183870
0.4345422259377688
0.6558368046570618
0.2400154516354979
0.8126312836129430
0.0042070986675205
0.7770597741058617
0.1301261926096061
0.9201150257154005
0.0150107888897510
0.8096920536489608
0.4692264045572709
0.6698343981997922
0.4625374292719958
0.9620387146985410
0.8815344945317943
0.3039975463072964
0.1632562644673550
0.6693371407177068
0.0255299687668171
0.8262515235259924
0.8290796078644540
0.5251654865487730
0.1769262026207146
0.4146529856406467
0.6257710753225278
0.5385762819453994
0.3467421010954000
0.1803570538412348
0.0062855490090003
0.1631445529039522
0.4952396311548886
0.1707236567576024
0.9432265054633366
0.7188326227851898
0.0739719232510591
0.3438571127652211
0.7995944476081212
0.1332539980868194
0.0690427248469638
0.9524527209180689
0.3688802404953913
0.4580401459470407
0.7170697644292721
0.1786917333296686
0.3231652528555629
0.0632698207861022
0.2341749143379414
0.4131050383018145
0.2951629865399300
0.2573327687674984
0.5130724364261614
0.1589627169488473
0.1819274409586360
0.3605838202714328
0.5440325678864545
0.9090988849041570
0.9379179733105221
0.0141064347307200
0.8508626122118714
0.8167047819570149
0.2623920121133221
0.4495180123110233
0.6073459575540703
0.8055352308781114
0.0827481756805070
0.6495691246737028
0.9557837386834148
0.1689731366639478
0.4739915237375780
0.4228752065265029
0.3864621066601071
0.5216681823333275
0.5101372326813385
0.9282979463152260
0.1934401620509328
0.4407899952942061
0.7970175752643954
0.2477094328926093
0.4700907027077451
0.1180233354974776
0.8422914801798748
0.1531763443715683
0.9784896365217246
0.6142847292421334
0.7350009968521926
0.1559845355507213
0.6408397957395198
0.8871901348808436
0.9853156529299215
0.2043291709958035
0.6791988294404089
0.1737458412194951
0.5556855949910641
0.1662239833913383
0.9252958993331035
0.8815207942410712
0.9207020404321706
0.9462893018422216
0.4915897861261869
0.0532454258881340
0.6745415400933488
0.5767564764496971
0.4995223250778442
0.5741762963226479
0.2972223117023296
0.2369406864338512
0.1705331838829866
0.2544590026820316
0.5933356553889287
0.7557815104974221
0.7308638669478563
0.2163376957510569
0.2586691231426438
0.7553707339814911
%%
0.6706497803768818
0.8259915659051159
0.6127769850532617
0.4042432493346517
0.0563064540342341
0.4506809985950107
0.6728182306226016
0.2093887700710019
0.2629049630806244
0.0068903568874143
0.6741981263711310
0.8026358879744457
0.6615563839200532
0.2011487589490933
0.2966113305625048
0.5350148999623799
0.7123884593841227
0.8801106496231675
0.1057599762765537
0.7736908773165471
0.1150862062662503
0.3439478131991411
0.2162976539518998
0.0057640498417387
0.5205619338920122
0.1837588835868946
0.1072048133407638
0.9330220583897403
0.0781877556303664
0.6604415374454923
0.0055543256941696
0.2113213532549362
0.4166371044168225
0.2489126317221700
0.8804237290693118
0.9114630717835008
0.2122197185028387
0.1872496047054253
0.0283493571356546
0.0011739769717719
0.2587451230366413
0.6134283988672150
0.7960136720771441
0.4417212743517567
0.3538190365232776
0.4820827424201957
0.7270079301991990
0.5540293780631791
0.6844720529281880
0.7395825773469121
0.1689867872929229
0.7390011771948182
0.3889554660143338
0.0158743815304996
0.2794561312296530
0.5488249778351199
0.9939879360511114
0.3265921768161898
0.7380059200028429
0.2686659846029050
0.0140301867513706
0.0345076306283345
0.7098586658566393
0.8804033136216555
0.1311251822393278
0.1738269702011150
0.9467849911595574
0.0635165505526809
0.8045666146925562
0.5500252055448300
0.2960850128458551
0.3791679357611623
0.3318679405186607
0.1383370271666072
0.9622471231685127
0.0008209235817533
0.2858982586997720
0.9627033012525220
0.5536461903980735
0.0203918495292208
0.2673520692161342
0.3587292238852842
0.0093934765497702
0.0284739994461690
0.5054042027492341
0.8181935096212357
0.5459306504169178
0.9984011518683296
0.4788924934998232
0.9047358057561707
0.6958031753814037
0.0826713344650157
0.2449075192032626
0.4332419552713540
0.7481090411770011
0.3337436210362408
0.1288111479371150
0.1393425109365868
0.3694359018085516
0.2161886277610609
0.0868289540623030
0.2809660913222927
0.6834390896658262
0.6599492802927122
0.0703576285531474
0.8851721422324230
0.0784159016220343
0.6775815611931443
0.8723857873635551
0.3442387428829488
0.7488398469947676
0.6865869483303326
0.5721400649461029
0.5113942038836549
0.7175259320021290
0.5784878853002242
0.1192925964151463
0.3728264511453223
0.3324480279209299
0.7348138089866270
0.9113418227917187
0.0133558732261029
0.0444334379695671
0.7655890089284283
0.8380837128929514
0.6909078386850797
0.8479124776327206
0.7677202200246880
0.5153327254961750
0.8930457828966226
0.6018790515210961
0.0665720402909682
0.5962448507692394
0.3392590904124880
0.1112857249315309
0.5367884989765819
0.9916240181373843
0.8331481345246642
0.2994661478507417
0.8627726556183214
0.6182353827040976
0.6149876265111006
0.3531793653091488
0.5143005186400568
0.5926468898446244
0.3649024825358713
0.5343363005946771
0.5725036130122593
0.3174075718189375
0.3751798269431847
0.6578860801973966
0.9332728824329765
0.1146445520498136
0.1662239710723725
0.8694019864172604
0.7499672365062569
0.7271363734624335
0.9430020624479579
0.4132824422670823
0.4837363618225233
0.4671709271543480
0.4537214639120629
0.7954668379373012
0.2438654997599063
0.4419460762806375
0.6777206266673230
0.9957734162654772
0.2480800843375707
0.1280403970412000
0.3644668863337679
0.9616873414436868
0.1868708749314857
0.6930411666732398
0.5780037143603487
0.5608423882500977
0.6441989655644730
0.9713249811202351
0.4294390166286234
0.8969774741365252
0.1960699631492769
0.7224530353170772
0.1268089950416111
0.9397683680282519
0.5315018323429732
0.2254886187046609
0.0429141142621825
0.2024717685614631
0.6910933955316909
0.7314732999603543
0.1551093873719042
0.6743060895480667
0.4556540188327001
0.4432436833380574
0.5606860679844500
0.6319108687982481
0.0116703069980435
0.2322452408551318
0.3536862332363362
0.1158322695030433
0.9634522939857088
0.8487323055999937
0.4353499310626945
0.6302969530620972
0.1274088565446815
0.2453010715007161
0.7126333281485220
0.5808262573450925
0.5096368273743479
0.4906882869254115
0.6495880834323012
0.0233123321742689
0.0041469810558323
0.8805597089399800
0.2018707114365797
0.3379314576230700
0.4753747255809189
0.6616274253970083
0.3197317654981836
0.2874055811093641
0.0698162859045715
0.5185972464080254
0.3712390779666960
0.0395522598727142
0.8522029796288904
0.6429233013492220
0.1716043134564161
0.0245860778925260
0.1192679823597833
0.2251123162515863
0.2278627039406244
0.6021001931781610
0.7716493715297760
0.7086536443199765
0.6378488996151952
0.9778896639349272
0.6175561601799165
0.1438112390964338
0.5655215638728978
0.8964914023258709
0.4929803186620192
0.3181047984817529
0.2571762285898997
0.5341139182822019
0.4481070842468913
0.7442557099061952
0.0755455037462515
0.0881736635594114
0.8292182561831798
0.4702901568278792
0.3172165412962517
0.5192743623627130
0.0639664291315532
0.7885729748132124
0.8739453984594142
0.2044745982999192
0.7544967854617538
0.6899486205135590
0.9665559358594927
0.1942611672076565
0.2071430333395867
0.2651524610606420
0.6428563324162907
0.6081367216327236
0.4238958468282013
0.7672532189318672
0.9786971502709926
0.0170800252756996
0.5413752736159771
0.4882800093012846
0.5664635732064296
0.4535325668908858
0.4184044325889613
0.9097756987185860
0.4766618682549004
0.9760491135221880
0.6888504370810208
0.5485435178768772
0.5561370316148891
0.0094666403269690
0.3360619728116845
0.4604348339427876
0.9134297132560247
0.9908922097051105
0.1251950412031655
0.5663664606143862
0.0945400483940218
0.4625197493670939
0.8639195447432346
0.0039262799519478
0.6833368379014721
0.7422283452747417
0.3367793143998574
0.5412184398424924
0.3761234842735970
0.8815788022034485
0.6074823902030668
0.4777707505251232
0.9635916031584622
0.2727502301296457
0.1733453829569238
0.8644986842700396
0.9691780174692244
0.2882628109384491
0.6786791865359718
0.8478671149035980
0.4535076944249774
0.1640098684409771
0.4073202121801956
0.5009583692983397
0.9463817489661509
0.0961353922326324
0.1998223443867649
0.7008862334619737
0.2881202049236278
0.3458537061813881
0.2114514447990400
0.0648526139252205
0.8359259337698395
0.7136411968729466
0.8839727629895447
0.4485996609021738
0.4126785318598829
0.1302233136776000
0.6566698732369666
0.7658415354209089
0.0691474385841039
0.5299372100597235
0.8072030763876551
0.7386502398203574
0.8163976724866837
0.9099590634362089
0.1079579315030378
0.1217338602508726
0.8398682867388026
0.0527879920083521
0.8411987867709243
0.5329342173929354
0.0519388465693226
0.8361373832400553
0.6360358915176915
0.7620059555978824
0.7335875744925811
0.7068483685535193
0.8204346828900280
0.2406901567099838
0.3119376161816957
0.8188672952427822
0.0569869927182464
0.8160735672225893
0.1962001548817530
0.6846908215984758
0.0249193853783506
0.5050224922572938
0.8070765288638290
0.9050568111880135
0.5962573669748086
0.1064109752073065
0.8717233586021045
0.7111238873247069
0.8958953958961852
0.0124857341852776
0.3721871578061370
0.1618305771923772
0.7515039566733900
0.7107271696811842
0.2336812851484666
0.1458156473180457
0.9620985323087055
0.8275964656273100
0.1190767363568868
0.9233858731422754
0.5322410813615738
0.0985540318104040
0.8424411570469573
0.0666493030651335
0.5341925877342263
0.5394414482514946
0.8742698174359415
0.7370734913518688
0.0641610061811848
0.7294092153878285
0.3213275986725672
0.1358937559382011
0.5447052195538291
0.1646240051946704
0.1159073445476051
0.5472078151545781
0.7913238484821290
0.2545447567715644
0.5902198217476829
0.6180104514739206
0.2679718156247742
0.6567257066434474
0.4768088481712171
0.8438998411194075
0.8018278899795357
0.7121966511487732
0.9440082058646051
0.3903038249845164
0.6657680925264067
0.9707962023941167
0.9758816432468408
0.5180344881975328
0.4590301346752441
0.5790243849919570
0.9827581127256924
0.7580890772895353
0.0282653007892825
0.4742266549813303
0.5206714623709152
0.0880362523484991
0.9441696695392323
0.4154944551240305
0.4854395925471128
0.5980708329728217
0.1514730782817679
0.2277850588198586
0.6003959811473946
0.4138648613445658
0.5214294374618673
0.5357899328102427
0.1126604961733214
0.3978861271719195
0.1572100962678205
0.9684761870036048
0.2823789715122690
0.7350302037352653
0.2226577397656659
0.2146205511975388
0.7368134024381822
0.6851977195850656
0.2901994887952524
0.2484031578734452
0.8406937400471280
0.7330257783888604
0.6786698842197517
0.2108314045756776
0.9729048073557747
0.1308633059219713
0.8793668353727628
0.3849229287904603
0.1940388764205123
0.1682749150222659
0.7803041144613144
0.7925818205728924
0.6160000615567424
0.6645809359455023
0.6374354155824379
0.2899256792758656
0.2300623404836308
0.5242963335351867
0.1784243876633100
0.2478678303610563
0.6137636967201309
0.1159975240188399
0.4192057281273810
0.6103248712962920
0.6050614699403944
0.6385246389661129
0.7328477801951783
0.1442908280252166
0.2314561865539927
0.6455315357936088
0.0036223892582007
0.0890605637757619
0.6577781560016939
0.5651268147351131
0.5703656983239329
0.5241197109565234
0.0928816194038764
0.5691972941463214
0.8203219486093015
0.2960977178239230
0.4965672877217533
0.2267953990067369
0.1616474206061058
0.2368359225241292
0.8386880802324272
0.4304339747920264
0.8145921244355058
0.2926089852252082
0.4587937530266486
0.4627877133550086
0.9834880148784035
0.2091795422250676
0.8352278251817872
0.0575487671296270
0.3627326891505497
0.6041543996670723
0.0240717091937075
0.4567222795141845
0.4187870842887678
0.5690436201072602
0.3836306545353996
0.7612922517768207
0.5830063635525695
0.7915574263840475
0.4175259561486966
0.2865009367887664
0.4939103319869848
0.2032170404710166
0.8525061025761500
0.7470551056895179
0.8704712147963954
0.6021654256915009
0.6238331380559238
0.2855855561303914
0.6225569675320149
0.2935555722964330
0.9589648176738705
0.9601991287755726
0.5852953296215396
0.6340552231766458
0.6093081552867891
0.8201434308862593
0.2822697850577675
0.9967785368852289
0.2335465394107082
0.6133704666150794
0.4904032972340310
0.1486629614533488
0.8344672104592319
0.9135908892417143
0.7375622842785539
0.5897558904109929
0.1098753606683376
0.9272881333662260
0.6750529795155394
0.8462439715445221
0.2697821392669694
0.7935084333473916
0.8943474250522346
0.2476696228020709
0.3595067971832537
0.8828856110778583
0.6013691126210915
0.9341383640410316
0.4639396851498175
0.8290389292699053
0.9429304352276578
0.8081843415934805
0.2868742714089621
0.6535422941066777
0.6023122114508395
0.2223677379303567
0.6361442691922778
0.3982437177621924
0.5200912939619448
0.5758078305226627
0.7748887228869331
0.1868994335680947
0.8514212268643726
0.3243979065563521
0.4913208241743346
0.0238366876477415
0.1780986630421012
0.8175212786729061
0.9890372316210527
0.3728789405866972
0.6985932887801443
0.3352356552544678
0.3583583587778792
0.4466220774815540
0.0073745961146291
0.6395481290571057
0.5310219901165730
0.7821001015015184
0.2685203738424503
0.1438215294677934
0.5978443760279027
0.9795823619109548
0.3137689628064870
0.3214138467598521
0.8115559552087143
0.2312886358012007
0.8212584584657652
0.9204949582089900
0.0535134842000858
0.9994410687255284
0.6078550477689345
0.7973926779009489
0.1996560290000941
0.5062876995415149
0.8106786658315915
0.0578425989842830
0.5827079546553868
0.0432037154811639
0.5040317224858045
0.9355691016054981
0.2346848591614981
0.5349390666455331
0.9174472475955017
0.9493137647333125
0.4753405498076677
0.1103976875454604
0.7558087927388618
0.3570947260322702
0.8038972094324570
0.3579640237972918
0.7760442284305953
0.3810516153211138
0.1975746340404962
0.8492999204369951
0.6765546499587541
0.1665838822246852
0.1122785128910717
0.2931939247600330
0.7919951366782531
0.0000582404213271
0.8365080694915067
0.2203637985585991
0.6121296532474468
0.2632961130913377
0.0167285780013336
0.4663309861016941
0.7681799354590529
0.3578060430860387
0.2507600408199844
0.5213115453088991
0.3586892252566525
0.6067751293117634
0.9444632137746499
0.9554219865588455
0.5440689530350660
0.1909700800250211
0.1093806604767160
0.7921633027842446
0.1450294874919295
0.1471985053609071
0.0840312398289538
0.0154118778449698
0.4113809834270833
0.3409183263468049
0.8245251809130726
0.6855985912090038
0.2734045968044596
0.7470573345824032
0.7955318051569673
0.0098127554247992
0.6683780880410551
0.1955225398256463
0.3766197726646677
0.0391047380371551
0.2781487271629544
0.1364691784907707
0.2850721502751419
0.0328973603833372
0.9943792719896820
0.6688384792981219
0.4181112610271447
0.1958179163192384
0.9487291300060424
0.3077654564242168
0.7734300984283474
0.6001396078131837
0.8288257992036374
0.0598446880534251
0.0041856455700249
0.9894728358865287
0.0264532417712930
0.4804227234935126
0.0209322318342958
0.9079223600125221
0.9942765238896506
0.5695570360172535
0.7908262776651667
0.9298491328745901
0.2208941532330675
0.4179045817888594
0.6575322667894352
0.8683361463991330
0.0839274555745167
0.5310017743192919
0.5588325296668758
0.0790463710490849
0.7141867336772016
0.4660200337484994
0.7912064169318891
0.8692844841966102
0.5698923882269467
0.4622641334170032
0.1857573872948335
0.5555595117353874
0.0274413368339296
0.1478438882769952
0.4022779560333388
0.8310386550646565
0.1955024169867306
0.8105401474647648
0.3179930012343569
0.0645600918293471
0.2821075221546099
0.8126411863275826
0.1958498653224454
0.3417382871033576
0.5429096178775660
0.0584930853678110
0.4318403446245803
0.3400144716621019
0.9163287579962210
0.6570576629613014
0.4512718082641197
0.9918900189591481
0.4125872327658243
0.3068165288947494
0.3917093909562097
0.3211895063719646
0.3791139793096455
0.3120045087232532
0.1830462244693473
0.5714279559387955
0.2432982030208981
0.3619224357655671
0.4432778294797055
0.7380736063012061
0.9969313795461562
0.5796349622748407
0.7489459668531810
0.7253672276173816
0.5964103996236462
0.2396655416315751
0.0793554566490335
0.3066772003296285
0.5463786145232832
0.0368418381532545
0.9528706490181399
0.6710863315232413
0.2502500622002418
0.4954620639638203
0.2095527133076652
0.4969308697084986
0.4630343362496562
0.7156447186913564
0.9234436793840297
0.1856394858598623
0.3900936852835272
0.6562750780860392
0.6782481697309971
0.0911612232140149
0.1506002710545582
0.4054244376561835
0.4151740738781450
0.9276398938602863
0.6659787134123577
0.9664801684939164
0.3115282554454715
0.8850230123909625
0.6794787234586774
0.2039261229292699
0.5261577562343004
0.8031207979755999
0.6089336135656924
0.7589013122320359
0.3252171220337829
0.2898318363065108
0.7628518731394488
0.1208005967267066
0.4226086253200432
0.4642084456183688
0.6308854486034864
0.1873009554916036
0.6745428364676211
0.3021643928953425
0.6945713970307663
0.2122282798610379
0.4109919470346464
0.2792336701373840
0.6547910278041879
0.2040536576239929
0.8670961185862694
0.8436951669448575
0.7947723365945589
0.7520419119893480
0.7868348879649741
0.2582729804497911
0.8551167038829224
0.3565121290335632
0.1988301591539327
0.1253561067512468
0.3366010045544819
0.3272425311344930
0.1538595967543899
0.1033105160116152
0.3743997170512169
0.6153147887679208
0.6675935686067275
0.8367262623602036
0.6291700812098902
0.0581007481140927
0.5781984136712619
0.2994004347902761
0.2100447758866776
0.3443339876707654
0.0288499938062725
0.3475022184142304
0.7603928954830640
0.5794945515381902
0.5742942870031563
0.0880799601167812
0.1316003510675131
0.2672551380763951
0.4159943880195391
0.5989595178839436
0.2079628915883681
0.7947277676573256
0.7012523488967064
0.3131759144170164
0.9430180194210784
0.8093026915237201
0.7638995751704638
0.9863321525652662
0.4003011775272923
0.9392228653340066
0.5293987821876242
0.0699443843988401
0.3134108149213973
0.7679636839503412
0.2065000836745334
0.5092162007580897
0.3550337294465232
0.2625737652496218
0.3582208438688635
0.9962482615397005
0.7136425903233395
0.9873002903568326
0.7940620208707384
0.1919963578354481
0.6051337418560589
0.2133650689005113
0.9788801647903563
0.4018239919361203
0.9855890087001478
0.8940523377283587
0.3345351792526688
0.9332820447600124
0.5065539962732061
0.9850765452102191
0.5451311385903999
0.6739192120991860
0.8995240635621277
0.5550385370458792
0.3985632869525510
0.9486246686280224
0.3963824622451271
0.0923621929153820
0.4044468670200175
0.9129165705540221
0.2474533411648938
0.0907881496037106
0.5333879332631586
0.0824018675289126
0.2441935596529791
0.5602324445708283
0.2031084500396330
0.3395845457034887
0.8651871658783690
0.1909952863567097
0.2795872739642140
0.8312696340084913
0.7787417059599778
0.0449367160743683
0.4692373597415473
0.1408660435935495
0.4078630996645722
0.9620032624635270
0.2366611129563654
0.5014567508919666
0.0981788114016942
0.1806323541546026
0.4900608810254211
0.2257804796681363
0.6635944289309471
0.5115215380743492
0.4660595600809136
0.5893662854201182
0.2212515715943369
0.0890093449785207
0.9642799094591201
0.7520228015470677
0.5725258426375218
0.2807641908627197
0.9622855547195419
0.6132306130320873
0.1471264854779259
0.5576803869075215
0.5224653336349999
0.4353217702014705
0.2121603219439661
0.5072724887865836
0.3664609952382488
0.3621023188399063
0.0568475790644856
0.6277682176611352
0.1804715445896593
0.5440077939177549
0.6382937479031150
0.1863015302591411
0.4739561207873199
0.9198099739242492
0.4462258281478695
0.3780301601045438
0.1416867369433903
0.3206521623141904
0.8805001012584773
0.9963772804791737
0.4617856603383861
0.6395592546966653
0.2299436212495613
0.5523120968280731
0.0390347512883195
0.9754607130246790
0.6898141941820103
0.6098647799232504
0.0011919751190465
0.2742158816023777
0.0129619504510874
0.7112811891677699
0.8748053417175690
0.7771672829000217
0.8636747421080946
0.2008204071149156
0.1670931862843831
0.9930516449781763
0.2295481356655345
0.4619626182430470
0.2716373586077914
0.4774434444031093
0.1554564497529733
0.5801407455126777
0.9251803686711203
0.5870197311906299
0.4426079411888729
0.8193189482072215
0.9469464587102370
0.6456911458242299
0.6790549569637353
0.4549697186771808
0.7432000533939859
0.4987473965562773
0.0215206591826416
0.4239912636305227
0.3798668775474282
0.5902707500336405
0.4617226843808971
0.1450335004744172
0.8270521721189605
0.4798500419297958
0.3531084288980881
0.4127904888076044
0.3979812311811942
0.0633748050049529
0.9628699220321748
0.2808764620100573
0.7951747844806449
0.6440324052030922
0.8268915145821329
0.6776694233399565
0.7476721154021942
0.7913956135491885
0.4438037611563914
0.1894062094066217
0.6742821959559429
0.0751962319153344
0.4171746726632544
0.8028094818238460
0.5741540631774584
0.2119586184816012
0.7002240855906146
0.5915092902196697
0.4088850928024466
0.3891466494839805
0.4450613685799698
0.8605063273274033
0.7619769015116673
0.4109791488118166
0.6995209428283368
0.7927465224293798
0.6651371873253121
0.8783821906590518
0.7324899106003891
0.9787996433785298
0.2243933711503675
0.3396867072456570
0.9706742302917581
0.4226697559960621
0.4053856578671966
0.4299848906994959
0.0195538050942645
0.4882446058399408
0.0050335943612510
0.6184150514021836
0.7436742538352471
0.9760423311005739
0.4809790251925535
0.8281110640624487
0.4293368810785904
0.7447513040531746
0.3658407082754213
0.9347167863565927
0.5756712042417134
0.8907119866888689
0.5040296297570688
0.0431348307802444
0.9924178790289504
0.1382007251365877
0.6552489912530833
0.3028184124450130
0.6008649706098884
0.2387731461416915
0.6260593296138161
0.3966320214295392
0.4410662055655723
0.3598054629319845
0.1273167659069661
0.5659734413179224
0.2577111394577001
0.7920323294835268
0.2084368240195619
0.3714806785942453
0.1605691731804975
0.8915152147589399
0.6678945841165947
0.9620524271442882
0.5115421986130528
%%
1.0000000000000000
0.9999811752826011
0.9999247018391445
0.9998305817958234
0.9996988186962042
0.9995294175010931
0.9993223845883495
0.9990777277526454
0.9987954562051724
0.9984755805732948
0.9981181129001492
0.9977230666441916
0.9972904566786902
0.9968202992911657
0.9963126121827780
0.9957674144676598
0.9951847266721969
0.9945645707342554
0.9939069700023561
0.9932119492347945
0.9924795345987100
0.9917097536690995
0.9909026354277800
0.9900582102622971
0.9891765099647810
0.9882575677307495
0.9873014181578583
0.9863080972445987
0.9852776423889412
0.9842100923869290
0.9831054874312163
0.9819638691095552
0.9807852804032304
0.9795697656854405
0.9783173707196277
0.9770281426577543
0.9757021300385285
0.9743393827855759
0.9729399522055601
0.9715038909862518
0.9700312531945440
0.9685220942744173
0.9669764710448521
0.9653944416976893
0.9637760657954398
0.9621214042690416
0.9604305194155658
0.9587034748958715
0.9569403357322088
0.9551411683057707
0.9533060403541938
0.9514350209690083
0.9495281805930366
0.9475855910177411
0.9456073253805213
0.9435934581619603
0.9415440651830207
0.9394592236021898
0.9373390119125748
0.9351835099389475
0.9329927988347388
0.9307669610789837
0.9285060804732155
0.9262102421383113
0.9238795325112867
0.9215140393420419
0.9191138516900577
0.9166790599210426
0.9142097557035306
0.9117060320054298
0.9091679830905223
0.9065957045149153
0.9039892931234432
0.9013488470460219
0.8986744656939537
0.8959662497561850
0.8932243011955152
0.8904487232447578
0.8876396204028538
0.8847970984309377
0.8819212643483549
0.8790122264286333
0.8760700941954065
0.8730949784182900
0.8700869911087113
0.8670462455156925
0.8639728561215866
0.8608669386377672
0.8577286100002719
0.8545579883654004
0.8513551931052650
0.8481203448032971
0.8448535652497069
0.8415549774368982
0.8382247055548379
0.8348628749863799
0.8314696123025450
0.8280450452577556
0.8245893027850251
0.8211025149911044
0.8175848131515835
0.8140363297059482
0.8104571982525947
0.8068475535437991
0.8032075314806447
0.7995372691079048
0.7958369046088833
0.7921065773002122
0.7883464276266060
0.7845565971555750
0.7807372285720943
0.7768884656732322
0.7730104533627368
0.7691033376455794
0.7651672656224586
0.7612023854842616
0.7572088465064843
0.7531867990436122
0.7491363945234590
0.7450577854414657
0.7409511253549588
0.7368165688773697
0.7326542716724125
0.7284643904482249
0.7242470829514667
0.7200025079613814
0.7157308252838184
0.7114321957452161
0.7071067811865472
0.7027547444572251
0.6983762494089727
0.6939714608896537
0.6895405447370666
0.6850836677727001
0.6806009977954528
0.6760927035753156
0.6715589548470181
0.6669999223036372
0.6624157775901715
0.6578066932970784
0.6531728429537764
0.6485144010221121
0.6438315428897912
0.6391244448637755
0.6343932841636452
0.6296382389149267
0.6248594881423860
0.6200572117632889
0.6152315905806265
0.6103828062763090
0.6055110414043251
0.6006164793838685
0.5956993044924330
0.5907597018588739
0.5857978574564384
0.5808139580957642
0.5758081914178449
0.5707807458869669
0.5657318107836128
0.5606615761973356
0.5555702330196018
0.5504579729366045
0.5453249884220460
0.5401714727298924
0.5349976198870968
0.5298036246862943
0.5245896826784685
0.5193559901655892
0.5141027441932213
0.5088301425431067
0.5035383837257170
0.4982276669727814
0.4928981922297835
0.4875501601484355
0.4821837720791223
0.4767992300633216
0.4713967368259972
0.4659764957679657
0.4605387109582396
0.4550835871263432
0.4496113296546060
0.4441221445704286
0.4386162385385271
0.4330938188531515
0.4275550934302816
0.4220002707997992
0.4164295600976367
0.4108431710579035
0.4052413140049892
0.3996241998456462
0.3939920400610475
0.3883450466988257
0.3826834323650892
0.3770074102164177
0.3713171939518370
0.3656129978047734
0.3598950365349877
0.3541635254204897
0.3484186802494339
0.3426607173119937
0.3368898533922194
0.3311063057598758
0.3253102921622623
0.3195020308160151
0.3136817403988909
0.3078496400415344
0.3020059493192273
0.2961508882436231
0.2902846772544617
0.2844075372112712
0.2785196893850524
0.2726213554499484
0.2667127574748978
0.2607941179152749
0.2548656596045140
0.2489276057457194
0.2429801799032631
0.2370236059943665
0.2310581082806704
0.2250839113597921
0.2191012401568691
0.2131103199160907
0.2071113761922179
0.2011046348420913
0.1950903220161277
0.1890686641498054
0.1830398879551402
0.1770042204121480
0.1709618887603005
0.1649131204899692
0.1588581433338607
0.1527971852584427
0.1467304744553611
0.1406582393328486
0.1345807085071253
0.1284981107937923
0.1224106751992154
0.1163186309119040
0.1102222072938823
0.1041216338720538
0.0980171403295599
0.0919089564971320
0.0857973123444392
0.0796824379714292
0.0735645635996666
0.0674439195636632
0.0613207363022078
0.0551952443496892
0.0490676743274172
0.0429382569349401
0.0368072229413581
0.0306748031766359
0.0245412285229114
0.0184067299058039
0.0122715382857191
0.0061358846491536
-0.0000000000000008
-0.0061358846491553
-0.0122715382857207
-0.0184067299058056
-0.0245412285229130
-0.0306748031766376
-0.0368072229413598
-0.0429382569349417
-0.0490676743274189
-0.0551952443496908
-0.0613207363022094
-0.0674439195636649
-0.0735645635996682
-0.0796824379714309
-0.0857973123444409
-0.0919089564971337
-0.0980171403295615
-0.1041216338720555
-0.1102222072938839
-0.1163186309119056
-0.1224106751992170
-0.1284981107937940
-0.1345807085071270
-0.1406582393328502
-0.1467304744553627
-0.1527971852584444
-0.1588581433338624
-0.1649131204899708
-0.1709618887603021
-0.1770042204121496
-0.1830398879551418
-0.1890686641498071
-0.1950903220161293
-0.2011046348420929
-0.2071113761922195
-0.2131103199160923
-0.2191012401568707
-0.2250839113597937
-0.2310581082806720
-0.2370236059943681
-0.2429801799032647
-0.2489276057457210
-0.2548656596045156
-0.2607941179152765
-0.2667127574748994
-0.2726213554499499
-0.2785196893850541
-0.2844075372112728
-0.2902846772544633
-0.2961508882436247
-0.3020059493192289
-0.3078496400415359
-0.3136817403988925
-0.3195020308160167
-0.3253102921622639
-0.3311063057598774
-0.3368898533922210
-0.3426607173119953
-0.3484186802494355
-0.3541635254204912
-0.3598950365349892
-0.3656129978047749
-0.3713171939518385
-0.3770074102164193
-0.3826834323650907
-0.3883450466988272
-0.3939920400610490
-0.3996241998456477
-0.4052413140049907
-0.4108431710579050
-0.4164295600976382
-0.4220002707998005
-0.4275550934302831
-0.4330938188531527
-0.4386162385385286
-0.4441221445704304
-0.4496113296546075
-0.4550835871263449
-0.4605387109582409
-0.4659764957679672
-0.4713967368259985
-0.4767992300633231
-0.4821837720791235
-0.4875501601484369
-0.4928981922297851
-0.4982276669727827
-0.5035383837257186
-0.5088301425431079
-0.5141027441932227
-0.5193559901655903
-0.5245896826784698
-0.5298036246862954
-0.5349976198870982
-0.5401714727298940
-0.5453249884220472
-0.5504579729366058
-0.5555702330196031
-0.5606615761973370
-0.5657318107836140
-0.5707807458869683
-0.5758081914178460
-0.5808139580957654
-0.5857978574564399
-0.5907597018588751
-0.5956993044924344
-0.6006164793838698
-0.6055110414043264
-0.6103828062763103
-0.6152315905806278
-0.6200572117632899
-0.6248594881423872
-0.6296382389149281
-0.6343932841636464
-0.6391244448637767
-0.6438315428897923
-0.6485144010221134
-0.6531728429537775
-0.6578066932970795
-0.6624157775901724
-0.6669999223036384
-0.6715589548470194
-0.6760927035753168
-0.6806009977954540
-0.6850836677727011
-0.6895405447370678
-0.6939714608896548
-0.6983762494089737
-0.7027547444572260
-0.7071067811865483
-0.7114321957452174
-0.7157308252838195
-0.7200025079613827
-0.7242470829514678
-0.7284643904482262
-0.7326542716724136
-0.7368165688773707
-0.7409511253549599
-0.7450577854414668
-0.7491363945234604
-0.7531867990436133
-0.7572088465064855
-0.7612023854842626
-0.7651672656224598
-0.7691033376455804
-0.7730104533627378
-0.7768884656732331
-0.7807372285720953
-0.7845565971555761
-0.7883464276266070
-0.7921065773002133
-0.7958369046088842
-0.7995372691079059
-0.8032075314806456
-0.8068475535438001
-0.8104571982525954
-0.8140363297059492
-0.8175848131515846
-0.8211025149911054
-0.8245893027850261
-0.8280450452577565
-0.8314696123025460
-0.8348628749863808
-0.8382247055548389
-0.8415549774368991
-0.8448535652497078
-0.8481203448032981
-0.8513551931052659
-0.8545579883654013
-0.8577286100002728
-0.8608669386377681
-0.8639728561215874
-0.8670462455156933
-0.8700869911087120
-0.8730949784182909
-0.8760700941954074
-0.8790122264286342
-0.8819212643483558
-0.8847970984309383
-0.8876396204028547
-0.8904487232447584
-0.8932243011955160
-0.8959662497561857
-0.8986744656939545
-0.9013488470460227
-0.9039892931234439
-0.9065957045149160
-0.9091679830905229
-0.9117060320054304
-0.9142097557035311
-0.9166790599210433
-0.9191138516900582
-0.9215140393420426
-0.9238795325112872
-0.9262102421383118
-0.9285060804732161
-0.9307669610789843
-0.9329927988347395
-0.9351835099389481
-0.9373390119125755
-0.9394592236021904
-0.9415440651830213
-0.9435934581619608
-0.9456073253805218
-0.9475855910177416
-0.9495281805930371
-0.9514350209690089
-0.9533060403541942
-0.9551411683057712
-0.9569403357322093
-0.9587034748958720
-0.9604305194155662
-0.9621214042690420
-0.9637760657954403
-0.9653944416976897
-0.9669764710448525
-0.9685220942744177
-0.9700312531945444
-0.9715038909862521
-0.9729399522055605
-0.9743393827855762
-0.9757021300385289
-0.9770281426577547
-0.9783173707196280
-0.9795697656854409
-0.9807852804032308
-0.9819638691095556
-0.9831054874312166
-0.9842100923869294
-0.9852776423889414
-0.9863080972445989
-0.9873014181578587
-0.9882575677307497
-0.9891765099647812
-0.9900582102622973
-0.9909026354277802
-0.9917097536690997
-0.9924795345987102
-0.9932119492347947
-0.9939069700023562
-0.9945645707342556
-0.9951847266721970
-0.9957674144676599
-0.9963126121827781
-0.9968202992911659
-0.9972904566786903
-0.9977230666441917
-0.9981181129001493
-0.9984755805732949
-0.9987954562051725
-0.9990777277526455
-0.9993223845883495
-0.9995294175010933
-0.9996988186962042
-0.9998305817958234
-0.9999247018391446
-0.9999811752826011
%%
-0.0000000000000000
-0.0061358846491545
-0.0122715382857199
-0.0184067299058048
-0.0245412285229123
-0.0306748031766366
-0.0368072229413589
-0.0429382569349408
-0.0490676743274180
-0.0551952443496900
-0.0613207363022086
-0.0674439195636641
-0.0735645635996675
-0.0796824379714302
-0.0857973123444399
-0.0919089564971328
-0.0980171403295607
-0.1041216338720546
-0.1102222072938831
-0.1163186309119048
-0.1224106751992163
-0.1284981107937932
-0.1345807085071263
-0.1406582393328493
-0.1467304744553618
-0.1527971852584435
-0.1588581433338615
-0.1649131204899700
-0.1709618887603013
-0.1770042204121488
-0.1830398879551410
-0.1890686641498063
-0.1950903220161284
-0.2011046348420920
-0.2071113761922187
-0.2131103199160915
-0.2191012401568699
-0.2250839113597929
-0.2310581082806712
-0.2370236059943673
-0.2429801799032640
-0.2489276057457203
-0.2548656596045147
-0.2607941179152757
-0.2667127574748985
-0.2726213554499491
-0.2785196893850532
-0.2844075372112720
-0.2902846772544625
-0.2961508882436240
-0.3020059493192283
-0.3078496400415350
-0.3136817403988916
-0.3195020308160158
-0.3253102921622631
-0.3311063057598765
-0.3368898533922202
-0.3426607173119945
-0.3484186802494347
-0.3541635254204906
-0.3598950365349883
-0.3656129978047741
-0.3713171939518377
-0.3770074102164185
-0.3826834323650899
-0.3883450466988265
-0.3939920400610483
-0.3996241998456470
-0.4052413140049901
-0.4108431710579041
-0.4164295600976374
-0.4220002707997999
-0.4275550934302823
-0.4330938188531522
-0.4386162385385278
-0.4441221445704295
-0.4496113296546068
-0.4550835871263441
-0.4605387109582402
-0.4659764957679664
-0.4713967368259979
-0.4767992300633224
-0.4821837720791230
-0.4875501601484362
-0.4928981922297843
-0.4982276669727821
-0.5035383837257178
-0.5088301425431073
-0.5141027441932220
-0.5193559901655898
-0.5245896826784692
-0.5298036246862949
-0.5349976198870975
-0.5401714727298931
-0.5453249884220467
-0.5504579729366050
-0.5555702330196025
-0.5606615761973363
-0.5657318107836135
-0.5707807458869676
-0.5758081914178456
-0.5808139580957647
-0.5857978574564391
-0.5907597018588745
-0.5956993044924337
-0.6006164793838692
-0.6055110414043258
-0.6103828062763097
-0.6152315905806272
-0.6200572117632894
-0.6248594881423867
-0.6296382389149273
-0.6343932841636457
-0.6391244448637761
-0.6438315428897917
-0.6485144010221128
-0.6531728429537770
-0.6578066932970790
-0.6624157775901721
-0.6669999223036378
-0.6715589548470187
-0.6760927035753163
-0.6806009977954534
-0.6850836677727007
-0.6895405447370672
-0.6939714608896542
-0.6983762494089731
-0.7027547444572256
-0.7071067811865478
-0.7114321957452168
-0.7157308252838188
-0.7200025079613819
-0.7242470829514671
-0.7284643904482255
-0.7326542716724131
-0.7368165688773702
-0.7409511253549594
-0.7450577854414662
-0.7491363945234596
-0.7531867990436127
-0.7572088465064848
-0.7612023854842621
-0.7651672656224592
-0.7691033376455799
-0.7730104533627372
-0.7768884656732327
-0.7807372285720947
-0.7845565971555755
-0.7883464276266066
-0.7921065773002127
-0.7958369046088838
-0.7995372691079052
-0.8032075314806452
-0.8068475535437996
-0.8104571982525951
-0.8140363297059486
-0.8175848131515839
-0.8211025149911049
-0.8245893027850255
-0.8280450452577560
-0.8314696123025456
-0.8348628749863802
-0.8382247055548383
-0.8415549774368987
-0.8448535652497073
-0.8481203448032975
-0.8513551931052654
-0.8545579883654008
-0.8577286100002723
-0.8608669386377674
-0.8639728561215870
-0.8670462455156930
-0.8700869911087117
-0.8730949784182903
-0.8760700941954068
-0.8790122264286337
-0.8819212643483553
-0.8847970984309380
-0.8876396204028542
-0.8904487232447582
-0.8932243011955157
-0.8959662497561854
-0.8986744656939541
-0.9013488470460223
-0.9039892931234436
-0.9065957045149156
-0.9091679830905226
-0.9117060320054301
-0.9142097557035309
-0.9166790599210429
-0.9191138516900580
-0.9215140393420422
-0.9238795325112870
-0.9262102421383116
-0.9285060804732158
-0.9307669610789839
-0.9329927988347391
-0.9351835099389478
-0.9373390119125752
-0.9394592236021901
-0.9415440651830210
-0.9435934581619606
-0.9456073253805215
-0.9475855910177413
-0.9495281805930369
-0.9514350209690086
-0.9533060403541941
-0.9551411683057709
-0.9569403357322090
-0.9587034748958717
-0.9604305194155660
-0.9621214042690418
-0.9637760657954401
-0.9653944416976895
-0.9669764710448523
-0.9685220942744175
-0.9700312531945442
-0.9715038909862520
-0.9729399522055603
-0.9743393827855760
-0.9757021300385287
-0.9770281426577545
-0.9783173707196278
-0.9795697656854406
-0.9807852804032305
-0.9819638691095555
-0.9831054874312165
-0.9842100923869292
-0.9852776423889413
-0.9863080972445988
-0.9873014181578585
-0.9882575677307496
-0.9891765099647811
-0.9900582102622972
-0.9909026354277801
-0.9917097536690996
-0.9924795345987101
-0.9932119492347946
-0.9939069700023562
-0.9945645707342555
-0.9951847266721969
-0.9957674144676598
-0.9963126121827781
-0.9968202992911658
-0.9972904566786903
-0.9977230666441916
-0.9981181129001493
-0.9984755805732948
-0.9987954562051724
-0.9990777277526454
-0.9993223845883495
-0.9995294175010931
-0.9996988186962042
-0.9998305817958234
-0.9999247018391445
-0.9999811752826011
-1.0000000000000000
-0.9999811752826011
-0.9999247018391445
-0.9998305817958234
-0.9996988186962042
-0.9995294175010931
-0.9993223845883494
-0.9990777277526454
-0.9987954562051724
-0.9984755805732947
-0.9981181129001492
-0.9977230666441915
-0.9972904566786902
-0.9968202992911657
-0.9963126121827779
-0.9957674144676597
-0.9951847266721968
-0.9945645707342553
-0.9939069700023559
-0.9932119492347944
-0.9924795345987099
-0.9917097536690994
-0.9909026354277799
-0.9900582102622970
-0.9891765099647808
-0.9882575677307494
-0.9873014181578582
-0.9863080972445984
-0.9852776423889411
-0.9842100923869289
-0.9831054874312162
-0.9819638691095551
-0.9807852804032302
-0.9795697656854403
-0.9783173707196274
-0.9770281426577542
-0.9757021300385283
-0.9743393827855756
-0.9729399522055600
-0.9715038909862516
-0.9700312531945438
-0.9685220942744170
-0.9669764710448518
-0.9653944416976891
-0.9637760657954396
-0.9621214042690414
-0.9604305194155656
-0.9587034748958713
-0.9569403357322086
-0.9551411683057704
-0.9533060403541935
-0.9514350209690080
-0.9495281805930363
-0.9475855910177408
-0.9456073253805209
-0.9435934581619601
-0.9415440651830205
-0.9394592236021896
-0.9373390119125746
-0.9351835099389473
-0.9329927988347385
-0.9307669610789833
-0.9285060804732151
-0.9262102421383109
-0.9238795325112863
-0.9215140393420416
-0.9191138516900573
-0.9166790599210423
-0.9142097557035302
-0.9117060320054293
-0.9091679830905219
-0.9065957045149150
-0.9039892931234429
-0.9013488470460217
-0.8986744656939534
-0.8959662497561846
-0.8932243011955149
-0.8904487232447573
-0.8876396204028535
-0.8847970984309372
-0.8819212643483546
-0.8790122264286330
-0.8760700941954063
-0.8730949784182896
-0.8700869911087108
-0.8670462455156922
-0.8639728561215861
-0.8608669386377668
-0.8577286100002715
-0.8545579883654001
-0.8513551931052645
-0.8481203448032968
-0.8448535652497065
-0.8415549774368978
-0.8382247055548375
-0.8348628749863793
-0.8314696123025447
-0.8280450452577551
-0.8245893027850247
-0.8211025149911040
-0.8175848131515832
-0.8140363297059477
-0.8104571982525941
-0.8068475535437987
-0.8032075314806442
-0.7995372691079045
-0.7958369046088828
-0.7921065773002117
-0.7883464276266056
-0.7845565971555747
-0.7807372285720937
-0.7768884656732316
-0.7730104533627363
-0.7691033376455788
-0.7651672656224582
-0.7612023854842610
-0.7572088465064839
-0.7531867990436116
-0.7491363945234587
-0.7450577854414652
-0.7409511253549581
-0.7368165688773691
-0.7326542716724119
-0.7284643904482244
-0.7242470829514660
-0.7200025079613810
-0.7157308252838178
-0.7114321957452157
-0.7071067811865467
-0.7027547444572243
-0.6983762494089720
-0.6939714608896530
-0.6895405447370661
-0.6850836677726994
-0.6806009977954522
-0.6760927035753150
-0.6715589548470176
-0.6669999223036366
-0.6624157775901707
-0.6578066932970777
-0.6531728429537756
-0.6485144010221116
-0.6438315428897904
-0.6391244448637748
-0.6343932841636445
-0.6296382389149262
-0.6248594881423853
-0.6200572117632880
-0.6152315905806258
-0.6103828062763083
-0.6055110414043245
-0.6006164793838678
-0.5956993044924324
-0.5907597018588731
-0.5857978574564380
-0.5808139580957634
-0.5758081914178440
-0.5707807458869663
-0.5657318107836119
-0.5606615761973350
-0.5555702330196010
-0.5504579729366038
-0.5453249884220452
-0.5401714727298919
-0.5349976198870960
-0.5298036246862933
-0.5245896826784677
-0.5193559901655883
-0.5141027441932207
-0.5088301425431058
-0.5035383837257165
-0.4982276669727806
-0.4928981922297830
-0.4875501601484347
-0.4821837720791213
-0.4767992300633209
-0.4713967368259963
-0.4659764957679650
-0.4605387109582387
-0.4550835871263427
-0.4496113296546053
-0.4441221445704281
-0.4386162385385263
-0.4330938188531505
-0.4275550934302808
-0.4220002707997982
-0.4164295600976359
-0.4108431710579025
-0.4052413140049886
-0.3996241998456455
-0.3939920400610469
-0.3883450466988249
-0.3826834323650886
-0.3770074102164169
-0.3713171939518360
-0.3656129978047726
-0.3598950365349867
-0.3541635254204891
-0.3484186802494331
-0.3426607173119932
-0.3368898533922186
-0.3311063057598752
-0.3253102921622615
-0.3195020308160141
-0.3136817403988901
-0.3078496400415334
-0.3020059493192268
-0.2961508882436223
-0.2902846772544611
-0.2844075372112704
-0.2785196893850518
-0.2726213554499475
-0.2667127574748968
-0.2607941179152741
-0.2548656596045130
-0.2489276057457188
-0.2429801799032623
-0.2370236059943659
-0.2310581082806696
-0.2250839113597915
-0.2191012401568683
-0.2131103199160897
-0.2071113761922171
-0.2011046348420903
-0.1950903220161268
-0.1890686641498046
-0.1830398879551396
-0.1770042204121472
-0.1709618887602999
-0.1649131204899684
-0.1588581433338597
-0.1527971852584419
-0.1467304744553601
-0.1406582393328478
-0.1345807085071245
-0.1284981107937918
-0.1224106751992146
-0.1163186309119034
-0.1102222072938815
-0.1041216338720528
-0.0980171403295591
-0.0919089564971310
-0.0857973123444384
-0.0796824379714284
-0.0735645635996660
-0.0674439195636624
-0.0613207363022072
-0.0551952443496883
-0.0490676743274162
-0.0429382569349392
-0.0368072229413571
-0.0306748031766351
-0.0245412285229105
-0.0184067299058033
-0.0122715382857182
-0.0061358846491530
